0.000000e+000	9.020990e-001	4.550000e-002	1.379513e-001	-1.033451e-015	4.732000e-007	-2.379173e-015
1.000000e-003	9.021148e-001	4.562561e-002	1.380141e-001	6.286530e-004	-6.274466e-004	6.286125e-004
2.000000e-003	9.021305e-001	4.575122e-002	1.380769e-001	1.258092e-003	-1.254543e-003	1.258031e-003
3.000000e-003	9.021462e-001	4.587681e-002	1.381397e-001	1.888292e-003	-1.880792e-003	1.888231e-003
4.000000e-003	9.021619e-001	4.600234e-002	1.382025e-001	2.519206e-003	-2.506171e-003	2.519143e-003
5.000000e-003	9.021776e-001	4.612779e-002	1.382653e-001	3.150808e-003	-3.130657e-003	3.150744e-003
6.000000e-003	9.021933e-001	4.625314e-002	1.383281e-001	3.783074e-003	-3.754222e-003	3.783009e-003
7.000000e-003	9.022090e-001	4.637837e-002	1.383909e-001	4.415979e-003	-4.376843e-003	4.415913e-003
8.000000e-003	9.022247e-001	4.650346e-002	1.384537e-001	5.049496e-003	-4.998493e-003	5.049429e-003
9.000000e-003	9.022404e-001	4.662840e-002	1.385164e-001	5.683601e-003	-5.619148e-003	5.683532e-003
1.000000e-002	9.022561e-001	4.675315e-002	1.385791e-001	6.318266e-003	-6.238781e-003	6.318197e-003
1.100000e-002	9.022718e-001	4.687771e-002	1.386418e-001	6.953467e-003	-6.857369e-003	6.953397e-003
1.200000e-002	9.022875e-001	4.700205e-002	1.387045e-001	7.589177e-003	-7.474886e-003	7.589106e-003
1.300000e-002	9.023032e-001	4.712616e-002	1.387671e-001	8.225370e-003	-8.091307e-003	8.225298e-003
1.400000e-002	9.023189e-001	4.725000e-002	1.388297e-001	8.862020e-003	-8.706608e-003	8.861946e-003
1.500000e-002	9.023346e-001	4.737357e-002	1.388923e-001	9.499099e-003	-9.320764e-003	9.499025e-003
1.600000e-002	9.023503e-001	4.749685e-002	1.389548e-001	1.013658e-002	-9.933751e-003	1.013651e-002
1.700000e-002	9.023660e-001	4.761981e-002	1.390173e-001	1.077444e-002	-1.054554e-002	1.077437e-002
1.800000e-002	9.023817e-001	4.774243e-002	1.390798e-001	1.141265e-002	-1.115612e-002	1.141258e-002
1.900000e-002	9.023974e-001	4.786470e-002	1.391422e-001	1.205119e-002	-1.176546e-002	1.205111e-002
2.000000e-002	9.024130e-001	4.798660e-002	1.392045e-001	1.269002e-002	-1.237353e-002	1.268994e-002
2.100000e-002	9.024287e-001	4.810811e-002	1.392668e-001	1.332912e-002	-1.298031e-002	1.332904e-002
2.200000e-002	9.024444e-001	4.822920e-002	1.393291e-001	1.396846e-002	-1.358578e-002	1.396838e-002
2.300000e-002	9.024601e-001	4.834986e-002	1.393913e-001	1.460802e-002	-1.418991e-002	1.460794e-002
2.400000e-002	9.024757e-001	4.847007e-002	1.394534e-001	1.524776e-002	-1.479269e-002	1.524768e-002
2.500000e-002	9.024914e-001	4.858982e-002	1.395155e-001	1.588767e-002	-1.539408e-002	1.588758e-002
2.600000e-002	9.025070e-001	4.870907e-002	1.395776e-001	1.652770e-002	-1.599407e-002	1.652762e-002
2.700000e-002	9.025227e-001	4.882782e-002	1.396395e-001	1.716784e-002	-1.659263e-002	1.716776e-002
2.800000e-002	9.025383e-001	4.894604e-002	1.397014e-001	1.780806e-002	-1.718975e-002	1.780798e-002
2.900000e-002	9.025540e-001	4.906372e-002	1.397632e-001	1.844833e-002	-1.778539e-002	1.844825e-002
3.000000e-002	9.025696e-001	4.918084e-002	1.398250e-001	1.908862e-002	-1.837954e-002	1.908853e-002
3.100000e-002	9.025853e-001	4.929737e-002	1.398867e-001	1.972890e-002	-1.897217e-002	1.972881e-002
3.200000e-002	9.026009e-001	4.941330e-002	1.399483e-001	2.036914e-002	-1.956326e-002	2.036906e-002
3.300000e-002	9.026165e-001	4.952862e-002	1.400098e-001	2.100933e-002	-2.015280e-002	2.100924e-002
3.400000e-002	9.026321e-001	4.964330e-002	1.400712e-001	2.164942e-002	-2.074075e-002	2.164933e-002
3.500000e-002	9.026478e-001	4.975733e-002	1.401326e-001	2.228939e-002	-2.132710e-002	2.228930e-002
3.600000e-002	9.026634e-001	4.987068e-002	1.401939e-001	2.292921e-002	-2.191183e-002	2.292912e-002
3.700000e-002	9.026790e-001	4.998335e-002	1.402551e-001	2.356886e-002	-2.249491e-002	2.356877e-002
3.800000e-002	9.026946e-001	5.009530e-002	1.403162e-001	2.420829e-002	-2.307632e-002	2.420821e-002
3.900000e-002	9.027102e-001	5.020653e-002	1.403772e-001	2.484750e-002	-2.365605e-002	2.484741e-002
4.000000e-002	9.027257e-001	5.031702e-002	1.404381e-001	2.548644e-002	-2.423407e-002	2.548635e-002
4.100000e-002	9.027413e-001	5.042675e-002	1.404989e-001	2.612509e-002	-2.481037e-002	2.612500e-002
4.200000e-002	9.027569e-001	5.053570e-002	1.405596e-001	2.676342e-002	-2.538492e-002	2.676333e-002
4.300000e-002	9.027725e-001	5.064385e-002	1.406202e-001	2.740139e-002	-2.595769e-002	2.740131e-002
4.400000e-002	9.027880e-001	5.075119e-002	1.406807e-001	2.803899e-002	-2.652869e-002	2.803891e-002
4.500000e-002	9.028036e-001	5.085770e-002	1.407411e-001	2.867618e-002	-2.709787e-002	2.867610e-002
4.600000e-002	9.028191e-001	5.096337e-002	1.408013e-001	2.931293e-002	-2.766523e-002	2.931285e-002
4.700000e-002	9.028347e-001	5.106817e-002	1.408615e-001	2.994922e-002	-2.823074e-002	2.994913e-002
4.800000e-002	9.028502e-001	5.117210e-002	1.409216e-001	3.058501e-002	-2.879439e-002	3.058492e-002
4.900000e-002	9.028657e-001	5.127512e-002	1.409815e-001	3.122027e-002	-2.935615e-002	3.122018e-002
5.000000e-002	9.028812e-001	5.137724e-002	1.410413e-001	3.185498e-002	-2.991601e-002	3.185489e-002
5.100000e-002	9.028968e-001	5.147843e-002	1.411010e-001	3.248910e-002	-3.047394e-002	3.248902e-002
5.200000e-002	9.029123e-001	5.157867e-002	1.411606e-001	3.312261e-002	-3.102994e-002	3.312253e-002
5.300000e-002	9.029278e-001	5.167796e-002	1.412200e-001	3.375548e-002	-3.158398e-002	3.375539e-002
5.400000e-002	9.029432e-001	5.177627e-002	1.412793e-001	3.438767e-002	-3.213604e-002	3.438758e-002
5.500000e-002	9.029587e-001	5.187358e-002	1.413385e-001	3.501916e-002	-3.268610e-002	3.501907e-002
5.600000e-002	9.029742e-001	5.196990e-002	1.413976e-001	3.564991e-002	-3.323416e-002	3.564983e-002
5.700000e-002	9.029896e-001	5.206519e-002	1.414565e-001	3.627990e-002	-3.378018e-002	3.627982e-002
5.800000e-002	9.030051e-001	5.215944e-002	1.415153e-001	3.690910e-002	-3.432415e-002	3.690902e-002
5.900000e-002	9.030205e-001	5.225264e-002	1.415739e-001	3.753748e-002	-3.486606e-002	3.753740e-002
6.000000e-002	9.030360e-001	5.234477e-002	1.416324e-001	3.816501e-002	-3.540589e-002	3.816492e-002
6.100000e-002	9.030514e-001	5.243583e-002	1.416907e-001	3.879165e-002	-3.594362e-002	3.879157e-002
6.200000e-002	9.030668e-001	5.252579e-002	1.417489e-001	3.941738e-002	-3.647924e-002	3.941730e-002
6.300000e-002	9.030822e-001	5.261464e-002	1.418070e-001	4.004217e-002	-3.701272e-002	4.004209e-002
6.400000e-002	9.030976e-001	5.270236e-002	1.418649e-001	4.066598e-002	-3.754405e-002	4.066590e-002
6.500000e-002	9.031130e-001	5.278895e-002	1.419226e-001	4.128879e-002	-3.807322e-002	4.128871e-002
6.600000e-002	9.031284e-001	5.287439e-002	1.419802e-001	4.191057e-002	-3.860020e-002	4.191050e-002
6.700000e-002	9.031437e-001	5.295866e-002	1.420376e-001	4.253129e-002	-3.912499e-002	4.253121e-002
6.800000e-002	9.031591e-001	5.304176e-002	1.420949e-001	4.315091e-002	-3.964757e-002	4.315084e-002
6.900000e-002	9.031744e-001	5.312366e-002	1.421520e-001	4.376941e-002	-4.016792e-002	4.376934e-002
7.000000e-002	9.031898e-001	5.320436e-002	1.422089e-001	4.438676e-002	-4.068603e-002	4.438669e-002
7.100000e-002	9.032051e-001	5.328385e-002	1.422657e-001	4.500293e-002	-4.120188e-002	4.500285e-002
7.200000e-002	9.032204e-001	5.336210e-002	1.423223e-001	4.561788e-002	-4.171545e-002	4.561781e-002
7.300000e-002	9.032357e-001	5.343912e-002	1.423787e-001	4.623158e-002	-4.222674e-002	4.623151e-002
7.400000e-002	9.032510e-001	5.351488e-002	1.424350e-001	4.684402e-002	-4.273572e-002	4.684395e-002
7.500000e-002	9.032663e-001	5.358937e-002	1.424910e-001	4.745514e-002	-4.324239e-002	4.745508e-002
7.600000e-002	9.032816e-001	5.366259e-002	1.425469e-001	4.806494e-002	-4.374673e-002	4.806487e-002
7.700000e-002	9.032968e-001	5.373452e-002	1.426026e-001	4.867337e-002	-4.424872e-002	4.867330e-002
7.800000e-002	9.033121e-001	5.380514e-002	1.426582e-001	4.928040e-002	-4.474835e-002	4.928033e-002
7.900000e-002	9.033273e-001	5.387446e-002	1.427135e-001	4.988601e-002	-4.524560e-002	4.988594e-002
8.000000e-002	9.033425e-001	5.394245e-002	1.427687e-001	5.049016e-002	-4.574047e-002	5.049010e-002
8.100000e-002	9.033577e-001	5.400911e-002	1.428236e-001	5.109283e-002	-4.623294e-002	5.109277e-002
8.200000e-002	9.033729e-001	5.407443e-002	1.428784e-001	5.169398e-002	-4.672300e-002	5.169392e-002
8.300000e-002	9.033881e-001	5.413839e-002	1.429330e-001	5.229358e-002	-4.721063e-002	5.229352e-002
8.400000e-002	9.034033e-001	5.420099e-002	1.429873e-001	5.289161e-002	-4.769582e-002	5.289155e-002
8.500000e-002	9.034184e-001	5.426222e-002	1.430415e-001	5.348803e-002	-4.817856e-002	5.348798e-002
8.600000e-002	9.034336e-001	5.432206e-002	1.430955e-001	5.408282e-002	-4.865884e-002	5.408276e-002
8.700000e-002	9.034487e-001	5.438051e-002	1.431493e-001	5.467594e-002	-4.913663e-002	5.467588e-002
8.800000e-002	9.034638e-001	5.443755e-002	1.432029e-001	5.526736e-002	-4.961194e-002	5.526731e-002
8.900000e-002	9.034789e-001	5.449319e-002	1.432562e-001	5.585706e-002	-5.008475e-002	5.585700e-002
9.000000e-002	9.034940e-001	5.454740e-002	1.433094e-001	5.644500e-002	-5.055504e-002	5.644494e-002
9.100000e-002	9.035091e-001	5.460019e-002	1.433623e-001	5.703115e-002	-5.102281e-002	5.703110e-002
9.200000e-002	9.035241e-001	5.465154e-002	1.434150e-001	5.761548e-002	-5.148805e-002	5.761543e-002
9.300000e-002	9.035392e-001	5.470144e-002	1.434676e-001	5.819797e-002	-5.195073e-002	5.819792e-002
9.400000e-002	9.035542e-001	5.474989e-002	1.435199e-001	5.877858e-002	-5.241086e-002	5.877854e-002
9.500000e-002	9.035693e-001	5.479688e-002	1.435719e-001	5.935728e-002	-5.286842e-002	5.935724e-002
9.600000e-002	9.035843e-001	5.484240e-002	1.436238e-001	5.993405e-002	-5.332340e-002	5.993401e-002
9.700000e-002	9.035992e-001	5.488645e-002	1.436754e-001	6.050885e-002	-5.377578e-002	6.050881e-002
9.800000e-002	9.036142e-001	5.492901e-002	1.437268e-001	6.108166e-002	-5.422556e-002	6.108162e-002
9.900000e-002	9.036292e-001	5.497009e-002	1.437780e-001	6.165244e-002	-5.467274e-002	6.165240e-002
1.000000e-001	9.036441e-001	5.500967e-002	1.438290e-001	6.222117e-002	-5.511729e-002	6.222113e-002
1.010000e-001	9.036591e-001	5.504775e-002	1.438797e-001	6.278781e-002	-5.555920e-002	6.278777e-002
1.020000e-001	9.036740e-001	5.508432e-002	1.439301e-001	6.335233e-002	-5.599848e-002	6.335230e-002
1.030000e-001	9.036889e-001	5.511937e-002	1.439804e-001	6.391472e-002	-5.643510e-002	6.391469e-002
1.040000e-001	9.037038e-001	5.515291e-002	1.440304e-001	6.447493e-002	-5.686906e-002	6.447490e-002
1.050000e-001	9.037186e-001	5.518493e-002	1.440802e-001	6.503294e-002	-5.730035e-002	6.503291e-002
1.060000e-001	9.037335e-001	5.521541e-002	1.441297e-001	6.558871e-002	-5.772896e-002	6.558869e-002
1.070000e-001	9.037483e-001	5.524436e-002	1.441790e-001	6.614223e-002	-5.815488e-002	6.614220e-002
1.080000e-001	9.037631e-001	5.527177e-002	1.442280e-001	6.669345e-002	-5.857810e-002	6.669343e-002
1.090000e-001	9.037779e-001	5.529764e-002	1.442768e-001	6.724236e-002	-5.899862e-002	6.724234e-002
1.100000e-001	9.037927e-001	5.532196e-002	1.443253e-001	6.778892e-002	-5.941642e-002	6.778890e-002
1.110000e-001	9.038075e-001	5.534474e-002	1.443736e-001	6.833310e-002	-5.983149e-002	6.833308e-002
1.120000e-001	9.038223e-001	5.536595e-002	1.444217e-001	6.887488e-002	-6.024383e-002	6.887486e-002
1.130000e-001	9.038370e-001	5.538561e-002	1.444694e-001	6.941422e-002	-6.065344e-002	6.941420e-002
1.140000e-001	9.038517e-001	5.540371e-002	1.445169e-001	6.995110e-002	-6.106029e-002	6.995109e-002
1.150000e-001	9.038664e-001	5.542024e-002	1.445642e-001	7.048548e-002	-6.146439e-002	7.048547e-002
1.160000e-001	9.038811e-001	5.543521e-002	1.446112e-001	7.101735e-002	-6.186572e-002	7.101734e-002
1.170000e-001	9.038958e-001	5.544861e-002	1.446579e-001	7.154667e-002	-6.226428e-002	7.154667e-002
1.180000e-001	9.039104e-001	5.546043e-002	1.447044e-001	7.207341e-002	-6.266006e-002	7.207341e-002
1.190000e-001	9.039250e-001	5.547069e-002	1.447506e-001	7.259755e-002	-6.305305e-002	7.259755e-002
1.200000e-001	9.039397e-001	5.547937e-002	1.447966e-001	7.311906e-002	-6.344325e-002	7.311906e-002
1.210000e-001	9.039543e-001	5.548647e-002	1.448422e-001	7.363790e-002	-6.383065e-002	7.363790e-002
1.220000e-001	9.039688e-001	5.549200e-002	1.448876e-001	7.415406e-002	-6.421524e-002	7.415406e-002
1.230000e-001	9.039834e-001	5.549595e-002	1.449327e-001	7.466750e-002	-6.459702e-002	7.466750e-002
1.240000e-001	9.039979e-001	5.549832e-002	1.449776e-001	7.517819e-002	-6.497597e-002	7.517820e-002
1.250000e-001	9.040124e-001	5.549911e-002	1.450222e-001	7.568611e-002	-6.535210e-002	7.568612e-002
1.260000e-001	9.040270e-001	5.549832e-002	1.450664e-001	7.619124e-002	-6.572540e-002	7.619125e-002
1.270000e-001	9.040414e-001	5.549595e-002	1.451105e-001	7.669354e-002	-6.609585e-002	7.669355e-002
1.280000e-001	9.040559e-001	5.549201e-002	1.451542e-001	7.719298e-002	-6.646346e-002	7.719300e-002
1.290000e-001	9.040703e-001	5.548649e-002	1.451976e-001	7.768954e-002	-6.682821e-002	7.768956e-002
1.300000e-001	9.040848e-001	5.547939e-002	1.452408e-001	7.818320e-002	-6.719011e-002	7.818322e-002
1.310000e-001	9.040992e-001	5.547071e-002	1.452836e-001	7.867392e-002	-6.754914e-002	7.867394e-002
1.320000e-001	9.041136e-001	5.546046e-002	1.453262e-001	7.916168e-002	-6.790530e-002	7.916171e-002
1.330000e-001	9.041279e-001	5.544864e-002	1.453685e-001	7.964646e-002	-6.825859e-002	7.964648e-002
1.340000e-001	9.041423e-001	5.543525e-002	1.454105e-001	8.012821e-002	-6.860900e-002	8.012824e-002
1.350000e-001	9.041566e-001	5.542029e-002	1.454522e-001	8.060693e-002	-6.895652e-002	8.060696e-002
1.360000e-001	9.041709e-001	5.540376e-002	1.454936e-001	8.108258e-002	-6.930116e-002	8.108262e-002
1.370000e-001	9.041852e-001	5.538567e-002	1.455347e-001	8.155514e-002	-6.964289e-002	8.155518e-002
1.380000e-001	9.041994e-001	5.536601e-002	1.455755e-001	8.202458e-002	-6.998173e-002	8.202462e-002
1.390000e-001	9.042137e-001	5.534480e-002	1.456160e-001	8.249088e-002	-7.031766e-002	8.249092e-002
1.400000e-001	9.042279e-001	5.532203e-002	1.456562e-001	8.295400e-002	-7.065068e-002	8.295404e-002
1.410000e-001	9.042421e-001	5.529772e-002	1.456961e-001	8.341393e-002	-7.098079e-002	8.341398e-002
1.420000e-001	9.042563e-001	5.527185e-002	1.457357e-001	8.387064e-002	-7.130798e-002	8.387069e-002
1.430000e-001	9.042705e-001	5.524445e-002	1.457750e-001	8.432411e-002	-7.163224e-002	8.432415e-002
1.440000e-001	9.042846e-001	5.521550e-002	1.458140e-001	8.477430e-002	-7.195358e-002	8.477435e-002
1.450000e-001	9.042987e-001	5.518502e-002	1.458526e-001	8.522119e-002	-7.227199e-002	8.522124e-002
1.460000e-001	9.043128e-001	5.515301e-002	1.458910e-001	8.566477e-002	-7.258746e-002	8.566482e-002
1.470000e-001	9.043269e-001	5.511948e-002	1.459290e-001	8.610500e-002	-7.289999e-002	8.610505e-002
1.480000e-001	9.043409e-001	5.508442e-002	1.459668e-001	8.654186e-002	-7.320958e-002	8.654192e-002
1.490000e-001	9.043550e-001	5.504786e-002	1.460042e-001	8.697533e-002	-7.351623e-002	8.697539e-002
1.500000e-001	9.043690e-001	5.500978e-002	1.460413e-001	8.740538e-002	-7.381992e-002	8.740544e-002
1.510000e-001	9.043829e-001	5.497021e-002	1.460780e-001	8.783198e-002	-7.412066e-002	8.783205e-002
1.520000e-001	9.043969e-001	5.492914e-002	1.461145e-001	8.825513e-002	-7.441845e-002	8.825519e-002
1.530000e-001	9.044108e-001	5.488658e-002	1.461506e-001	8.867478e-002	-7.471327e-002	8.867484e-002
1.540000e-001	9.044248e-001	5.484253e-002	1.461864e-001	8.909092e-002	-7.500513e-002	8.909099e-002
1.550000e-001	9.044387e-001	5.479702e-002	1.462219e-001	8.950352e-002	-7.529402e-002	8.950359e-002
1.560000e-001	9.044525e-001	5.475003e-002	1.462570e-001	8.991257e-002	-7.557995e-002	8.991264e-002
1.570000e-001	9.044664e-001	5.470158e-002	1.462919e-001	9.031803e-002	-7.586290e-002	9.031811e-002
1.580000e-001	9.044802e-001	5.465169e-002	1.463264e-001	9.071989e-002	-7.614287e-002	9.071997e-002
1.590000e-001	9.044940e-001	5.460034e-002	1.463605e-001	9.111813e-002	-7.641987e-002	9.111820e-002
1.600000e-001	9.045078e-001	5.454756e-002	1.463944e-001	9.151271e-002	-7.669389e-002	9.151279e-002
1.610000e-001	9.045215e-001	5.449335e-002	1.464279e-001	9.190362e-002	-7.696493e-002	9.190371e-002
1.620000e-001	9.045353e-001	5.443772e-002	1.464610e-001	9.229084e-002	-7.723297e-002	9.229093e-002
1.630000e-001	9.045490e-001	5.438068e-002	1.464939e-001	9.267435e-002	-7.749804e-002	9.267443e-002
1.640000e-001	9.045626e-001	5.432223e-002	1.465264e-001	9.305412e-002	-7.776011e-002	9.305420e-002
1.650000e-001	9.045763e-001	5.426240e-002	1.465585e-001	9.343013e-002	-7.801918e-002	9.343022e-002
1.660000e-001	9.045899e-001	5.420118e-002	1.465903e-001	9.380236e-002	-7.827527e-002	9.380245e-002
1.670000e-001	9.046035e-001	5.413858e-002	1.466218e-001	9.417079e-002	-7.852836e-002	9.417088e-002
1.680000e-001	9.046171e-001	5.407462e-002	1.466529e-001	9.453540e-002	-7.877844e-002	9.453550e-002
1.690000e-001	9.046307e-001	5.400931e-002	1.466837e-001	9.489617e-002	-7.902553e-002	9.489627e-002
1.700000e-001	9.046442e-001	5.394265e-002	1.467142e-001	9.525308e-002	-7.926961e-002	9.525318e-002
1.710000e-001	9.046577e-001	5.387467e-002	1.467442e-001	9.560610e-002	-7.951069e-002	9.560620e-002
1.720000e-001	9.046712e-001	5.380535e-002	1.467740e-001	9.595523e-002	-7.974877e-002	9.595533e-002
1.730000e-001	9.046847e-001	5.373473e-002	1.468034e-001	9.630043e-002	-7.998383e-002	9.630053e-002
1.740000e-001	9.046981e-001	5.366281e-002	1.468325e-001	9.664169e-002	-8.021589e-002	9.664180e-002
1.750000e-001	9.047115e-001	5.358959e-002	1.468612e-001	9.697899e-002	-8.044493e-002	9.697910e-002
1.760000e-001	9.047249e-001	5.351510e-002	1.468895e-001	9.731231e-002	-8.067096e-002	9.731242e-002
1.770000e-001	9.047382e-001	5.343935e-002	1.469175e-001	9.764163e-002	-8.089398e-002	9.764174e-002
1.780000e-001	9.047515e-001	5.336234e-002	1.469451e-001	9.796694e-002	-8.111398e-002	9.796705e-002
1.790000e-001	9.047648e-001	5.328409e-002	1.469724e-001	9.828821e-002	-8.133097e-002	9.828832e-002
1.800000e-001	9.047781e-001	5.320461e-002	1.469994e-001	9.860542e-002	-8.154493e-002	9.860554e-002
1.810000e-001	9.047914e-001	5.312391e-002	1.470259e-001	9.891856e-002	-8.175588e-002	9.891868e-002
1.820000e-001	9.048046e-001	5.304201e-002	1.470521e-001	9.922762e-002	-8.196381e-002	9.922773e-002
1.830000e-001	9.048178e-001	5.295892e-002	1.470780e-001	9.953256e-002	-8.216871e-002	9.953268e-002
1.840000e-001	9.048310e-001	5.287465e-002	1.471035e-001	9.983338e-002	-8.237060e-002	9.983350e-002
1.850000e-001	9.048441e-001	5.278922e-002	1.471286e-001	1.001301e-001	-8.256946e-002	1.001302e-001
1.860000e-001	9.048572e-001	5.270263e-002	1.471534e-001	1.004226e-001	-8.276529e-002	1.004227e-001
1.870000e-001	9.048703e-001	5.261491e-002	1.471778e-001	1.007109e-001	-8.295810e-002	1.007110e-001
1.880000e-001	9.048834e-001	5.252606e-002	1.472019e-001	1.009951e-001	-8.314788e-002	1.009952e-001
1.890000e-001	9.048964e-001	5.243611e-002	1.472255e-001	1.012750e-001	-8.333464e-002	1.012751e-001
1.900000e-001	9.049094e-001	5.234506e-002	1.472489e-001	1.015507e-001	-8.351836e-002	1.015509e-001
1.910000e-001	9.049224e-001	5.225293e-002	1.472718e-001	1.018222e-001	-8.369906e-002	1.018223e-001
1.920000e-001	9.049353e-001	5.215973e-002	1.472944e-001	1.020894e-001	-8.387673e-002	1.020896e-001
1.930000e-001	9.049482e-001	5.206548e-002	1.473166e-001	1.023524e-001	-8.405137e-002	1.023525e-001
1.940000e-001	9.049611e-001	5.197019e-002	1.473384e-001	1.026110e-001	-8.422297e-002	1.026112e-001
1.950000e-001	9.049740e-001	5.187389e-002	1.473599e-001	1.028654e-001	-8.439155e-002	1.028655e-001
1.960000e-001	9.049868e-001	5.177657e-002	1.473810e-001	1.031155e-001	-8.455709e-002	1.031156e-001
1.970000e-001	9.049997e-001	5.167827e-002	1.474017e-001	1.033612e-001	-8.471960e-002	1.033613e-001
1.980000e-001	9.050124e-001	5.157899e-002	1.474221e-001	1.036025e-001	-8.487908e-002	1.036027e-001
1.990000e-001	9.050252e-001	5.147875e-002	1.474421e-001	1.038396e-001	-8.503553e-002	1.038397e-001
2.000000e-001	9.050379e-001	5.137756e-002	1.474617e-001	1.040722e-001	-8.518894e-002	1.040723e-001
2.010000e-001	9.050506e-001	5.127545e-002	1.474809e-001	1.043005e-001	-8.533931e-002	1.043006e-001
2.020000e-001	9.050633e-001	5.117242e-002	1.474997e-001	1.045243e-001	-8.548665e-002	1.045245e-001
2.030000e-001	9.050759e-001	5.106850e-002	1.475182e-001	1.047438e-001	-8.563096e-002	1.047439e-001
2.040000e-001	9.050885e-001	5.096370e-002	1.475363e-001	1.049588e-001	-8.577223e-002	1.049589e-001
2.050000e-001	9.051011e-001	5.085804e-002	1.475540e-001	1.051694e-001	-8.591046e-002	1.051695e-001
2.060000e-001	9.051136e-001	5.075153e-002	1.475714e-001	1.053755e-001	-8.604566e-002	1.053757e-001
2.070000e-001	9.051261e-001	5.064420e-002	1.475883e-001	1.055772e-001	-8.617782e-002	1.055774e-001
2.080000e-001	9.051386e-001	5.053605e-002	1.476049e-001	1.057744e-001	-8.630695e-002	1.057746e-001
2.090000e-001	9.051511e-001	5.042710e-002	1.476211e-001	1.059671e-001	-8.643304e-002	1.059673e-001
2.100000e-001	9.051635e-001	5.031738e-002	1.476369e-001	1.061554e-001	-8.655609e-002	1.061555e-001
2.110000e-001	9.051759e-001	5.020689e-002	1.476524e-001	1.063391e-001	-8.667610e-002	1.063393e-001
2.120000e-001	9.051883e-001	5.009567e-002	1.476674e-001	1.065183e-001	-8.679308e-002	1.065185e-001
2.130000e-001	9.052006e-001	4.998371e-002	1.476821e-001	1.066930e-001	-8.690702e-002	1.066932e-001
2.140000e-001	9.052129e-001	4.987105e-002	1.476964e-001	1.068632e-001	-8.701792e-002	1.068633e-001
2.150000e-001	9.052252e-001	4.975770e-002	1.477103e-001	1.070288e-001	-8.712578e-002	1.070289e-001
2.160000e-001	9.052374e-001	4.964368e-002	1.477238e-001	1.071898e-001	-8.723060e-002	1.071900e-001
2.170000e-001	9.052496e-001	4.952900e-002	1.477369e-001	1.073463e-001	-8.733239e-002	1.073464e-001
2.180000e-001	9.052618e-001	4.941369e-002	1.477497e-001	1.074982e-001	-8.743114e-002	1.074984e-001
2.190000e-001	9.052740e-001	4.929776e-002	1.477620e-001	1.076455e-001	-8.752685e-002	1.076457e-001
2.200000e-001	9.052861e-001	4.918122e-002	1.477740e-001	1.077883e-001	-8.761952e-002	1.077884e-001
2.210000e-001	9.052982e-001	4.906411e-002	1.477856e-001	1.079264e-001	-8.770916e-002	1.079266e-001
2.220000e-001	9.053102e-001	4.894644e-002	1.477967e-001	1.080599e-001	-8.779575e-002	1.080601e-001
2.230000e-001	9.053222e-001	4.882822e-002	1.478076e-001	1.081888e-001	-8.787931e-002	1.081890e-001
2.240000e-001	9.053342e-001	4.870947e-002	1.478180e-001	1.083131e-001	-8.795983e-002	1.083133e-001
2.250000e-001	9.053462e-001	4.859022e-002	1.478280e-001	1.084328e-001	-8.803731e-002	1.084330e-001
2.260000e-001	9.053581e-001	4.847048e-002	1.478376e-001	1.085478e-001	-8.811175e-002	1.085480e-001
2.270000e-001	9.053700e-001	4.835027e-002	1.478469e-001	1.086582e-001	-8.818315e-002	1.086584e-001
2.280000e-001	9.053819e-001	4.822961e-002	1.478557e-001	1.087639e-001	-8.825152e-002	1.087641e-001
2.290000e-001	9.053937e-001	4.810852e-002	1.478642e-001	1.088650e-001	-8.831684e-002	1.088652e-001
2.300000e-001	9.054055e-001	4.798702e-002	1.478723e-001	1.089614e-001	-8.837913e-002	1.089616e-001
2.310000e-001	9.054173e-001	4.786513e-002	1.478799e-001	1.090532e-001	-8.843838e-002	1.090533e-001
2.320000e-001	9.054290e-001	4.774286e-002	1.478872e-001	1.091402e-001	-8.849459e-002	1.091404e-001
2.330000e-001	9.054407e-001	4.762024e-002	1.478941e-001	1.092226e-001	-8.854776e-002	1.092228e-001
2.340000e-001	9.054524e-001	4.749728e-002	1.479006e-001	1.093003e-001	-8.859789e-002	1.093005e-001
2.350000e-001	9.054640e-001	4.737401e-002	1.479067e-001	1.093734e-001	-8.864499e-002	1.093735e-001
2.360000e-001	9.054756e-001	4.725044e-002	1.479124e-001	1.094417e-001	-8.868904e-002	1.094419e-001
2.370000e-001	9.054872e-001	4.712660e-002	1.479178e-001	1.095053e-001	-8.873006e-002	1.095055e-001
2.380000e-001	9.054987e-001	4.700249e-002	1.479227e-001	1.095643e-001	-8.876804e-002	1.095645e-001
2.390000e-001	9.055102e-001	4.687816e-002	1.479272e-001	1.096185e-001	-8.880298e-002	1.096187e-001
2.400000e-001	9.055217e-001	4.675360e-002	1.479314e-001	1.096681e-001	-8.883488e-002	1.096682e-001
2.410000e-001	9.055331e-001	4.662885e-002	1.479351e-001	1.097129e-001	-8.886375e-002	1.097131e-001
2.420000e-001	9.055445e-001	4.650391e-002	1.479385e-001	1.097530e-001	-8.888957e-002	1.097532e-001
2.430000e-001	9.055559e-001	4.637882e-002	1.479414e-001	1.097884e-001	-8.891236e-002	1.097886e-001
2.440000e-001	9.055672e-001	4.625359e-002	1.479440e-001	1.098191e-001	-8.893211e-002	1.098192e-001
2.450000e-001	9.055785e-001	4.612825e-002	1.479462e-001	1.098450e-001	-8.894882e-002	1.098452e-001
2.460000e-001	9.055898e-001	4.600280e-002	1.479480e-001	1.098663e-001	-8.896249e-002	1.098665e-001
2.470000e-001	9.056010e-001	4.587727e-002	1.479493e-001	1.098828e-001	-8.897312e-002	1.098830e-001
2.480000e-001	9.056122e-001	4.575169e-002	1.479503e-001	1.098946e-001	-8.898072e-002	1.098948e-001
2.490000e-001	9.056234e-001	4.562606e-002	1.479509e-001	1.099017e-001	-8.898528e-002	1.099019e-001
2.500000e-001	9.056345e-001	4.550042e-002	1.479511e-001	1.099041e-001	-8.898680e-002	1.099042e-001
2.510000e-001	9.056456e-001	4.537477e-002	1.479509e-001	1.099017e-001	-8.898528e-002	1.099019e-001
2.520000e-001	9.056566e-001	4.524914e-002	1.479503e-001	1.098946e-001	-8.898072e-002	1.098948e-001
2.530000e-001	9.056676e-001	4.512356e-002	1.479493e-001	1.098828e-001	-8.897312e-002	1.098830e-001
2.540000e-001	9.056786e-001	4.499803e-002	1.479480e-001	1.098663e-001	-8.896249e-002	1.098665e-001
2.550000e-001	9.056896e-001	4.487258e-002	1.479462e-001	1.098451e-001	-8.894882e-002	1.098452e-001
2.560000e-001	9.057005e-001	4.474723e-002	1.479440e-001	1.098191e-001	-8.893211e-002	1.098193e-001
2.570000e-001	9.057114e-001	4.462201e-002	1.479415e-001	1.097884e-001	-8.891236e-002	1.097886e-001
2.580000e-001	9.057222e-001	4.449691e-002	1.479385e-001	1.097530e-001	-8.888957e-002	1.097532e-001
2.590000e-001	9.057330e-001	4.437198e-002	1.479351e-001	1.097129e-001	-8.886374e-002	1.097131e-001
2.600000e-001	9.057438e-001	4.424723e-002	1.479314e-001	1.096681e-001	-8.883488e-002	1.096683e-001
2.610000e-001	9.057545e-001	4.412267e-002	1.479272e-001	1.096186e-001	-8.880298e-002	1.096188e-001
2.620000e-001	9.057652e-001	4.399833e-002	1.479227e-001	1.095643e-001	-8.876803e-002	1.095645e-001
2.630000e-001	9.057759e-001	4.387423e-002	1.479178e-001	1.095054e-001	-8.873005e-002	1.095056e-001
2.640000e-001	9.057865e-001	4.375039e-002	1.479125e-001	1.094418e-001	-8.868904e-002	1.094419e-001
2.650000e-001	9.057971e-001	4.362682e-002	1.479067e-001	1.093734e-001	-8.864498e-002	1.093736e-001
2.660000e-001	9.058077e-001	4.350355e-002	1.479006e-001	1.093004e-001	-8.859789e-002	1.093006e-001
2.670000e-001	9.058182e-001	4.338059e-002	1.478941e-001	1.092227e-001	-8.854775e-002	1.092229e-001
2.680000e-001	9.058286e-001	4.325797e-002	1.478872e-001	1.091403e-001	-8.849458e-002	1.091405e-001
2.690000e-001	9.058391e-001	4.313570e-002	1.478800e-001	1.090533e-001	-8.843837e-002	1.090534e-001
2.700000e-001	9.058495e-001	4.301380e-002	1.478723e-001	1.089615e-001	-8.837912e-002	1.089617e-001
2.710000e-001	9.058599e-001	4.289230e-002	1.478642e-001	1.088651e-001	-8.831683e-002	1.088653e-001
2.720000e-001	9.058702e-001	4.277121e-002	1.478557e-001	1.087640e-001	-8.825151e-002	1.087642e-001
2.730000e-001	9.058805e-001	4.265055e-002	1.478469e-001	1.086583e-001	-8.818314e-002	1.086585e-001
2.740000e-001	9.058907e-001	4.253034e-002	1.478376e-001	1.085479e-001	-8.811174e-002	1.085481e-001
2.750000e-001	9.059010e-001	4.241060e-002	1.478280e-001	1.084329e-001	-8.803730e-002	1.084331e-001
2.760000e-001	9.059112e-001	4.229135e-002	1.478180e-001	1.083133e-001	-8.795982e-002	1.083134e-001
2.770000e-001	9.059213e-001	4.217260e-002	1.478076e-001	1.081890e-001	-8.787930e-002	1.081891e-001
2.780000e-001	9.059314e-001	4.205438e-002	1.477968e-001	1.080601e-001	-8.779574e-002	1.080602e-001
2.790000e-001	9.059415e-001	4.193671e-002	1.477856e-001	1.079265e-001	-8.770915e-002	1.079267e-001
2.800000e-001	9.059515e-001	4.181959e-002	1.477740e-001	1.077884e-001	-8.761951e-002	1.077886e-001
2.810000e-001	9.059615e-001	4.170306e-002	1.477620e-001	1.076457e-001	-8.752684e-002	1.076458e-001
2.820000e-001	9.059715e-001	4.158713e-002	1.477497e-001	1.074983e-001	-8.743113e-002	1.074985e-001
2.830000e-001	9.059814e-001	4.147181e-002	1.477369e-001	1.073464e-001	-8.733238e-002	1.073466e-001
2.840000e-001	9.059912e-001	4.135714e-002	1.477238e-001	1.071900e-001	-8.723060e-002	1.071901e-001
2.850000e-001	9.060011e-001	4.124311e-002	1.477103e-001	1.070289e-001	-8.712577e-002	1.070291e-001
2.860000e-001	9.060109e-001	4.112976e-002	1.476964e-001	1.068633e-001	-8.701791e-002	1.068635e-001
2.870000e-001	9.060207e-001	4.101710e-002	1.476821e-001	1.066932e-001	-8.690701e-002	1.066933e-001
2.880000e-001	9.060304e-001	4.090515e-002	1.476675e-001	1.065185e-001	-8.679307e-002	1.065187e-001
2.890000e-001	9.060401e-001	4.079392e-002	1.476524e-001	1.063393e-001	-8.667609e-002	1.063395e-001
2.900000e-001	9.060497e-001	4.068343e-002	1.476370e-001	1.061556e-001	-8.655608e-002	1.061557e-001
2.910000e-001	9.060593e-001	4.057371e-002	1.476212e-001	1.059673e-001	-8.643303e-002	1.059675e-001
2.920000e-001	9.060689e-001	4.046476e-002	1.476050e-001	1.057746e-001	-8.630694e-002	1.057748e-001
2.930000e-001	9.060784e-001	4.035661e-002	1.475884e-001	1.055774e-001	-8.617782e-002	1.055776e-001
2.940000e-001	9.060879e-001	4.024927e-002	1.475714e-001	1.053757e-001	-8.604566e-002	1.053759e-001
2.950000e-001	9.060974e-001	4.014276e-002	1.475541e-001	1.051696e-001	-8.591046e-002	1.051698e-001
2.960000e-001	9.061068e-001	4.003710e-002	1.475364e-001	1.049590e-001	-8.577223e-002	1.049592e-001
2.970000e-001	9.061161e-001	3.993230e-002	1.475183e-001	1.047440e-001	-8.563096e-002	1.047442e-001
2.980000e-001	9.061255e-001	3.982838e-002	1.474998e-001	1.045245e-001	-8.548665e-002	1.045247e-001
2.990000e-001	9.061348e-001	3.972535e-002	1.474809e-001	1.043007e-001	-8.533931e-002	1.043008e-001
3.000000e-001	9.061440e-001	3.962324e-002	1.474617e-001	1.040724e-001	-8.518894e-002	1.040726e-001
3.010000e-001	9.061532e-001	3.952205e-002	1.474421e-001	1.038398e-001	-8.503553e-002	1.038400e-001
3.020000e-001	9.061624e-001	3.942181e-002	1.474221e-001	1.036028e-001	-8.487908e-002	1.036029e-001
3.030000e-001	9.061715e-001	3.932253e-002	1.474018e-001	1.033614e-001	-8.471961e-002	1.033616e-001
3.040000e-001	9.061806e-001	3.922422e-002	1.473810e-001	1.031157e-001	-8.455710e-002	1.031159e-001
3.050000e-001	9.061897e-001	3.912691e-002	1.473599e-001	1.028657e-001	-8.439155e-002	1.028658e-001
3.060000e-001	9.061987e-001	3.903060e-002	1.473385e-001	1.026113e-001	-8.422298e-002	1.026115e-001
3.070000e-001	9.062077e-001	3.893531e-002	1.473166e-001	1.023526e-001	-8.405137e-002	1.023528e-001
3.080000e-001	9.062166e-001	3.884106e-002	1.472944e-001	1.020897e-001	-8.387674e-002	1.020898e-001
3.090000e-001	9.062255e-001	3.874786e-002	1.472719e-001	1.018225e-001	-8.369907e-002	1.018226e-001
3.100000e-001	9.062343e-001	3.865573e-002	1.472489e-001	1.015510e-001	-8.351837e-002	1.015512e-001
3.110000e-001	9.062432e-001	3.856468e-002	1.472256e-001	1.012753e-001	-8.333465e-002	1.012754e-001
3.120000e-001	9.062519e-001	3.847472e-002	1.472019e-001	1.009953e-001	-8.314789e-002	1.009955e-001
3.130000e-001	9.062606e-001	3.838587e-002	1.471779e-001	1.007112e-001	-8.295811e-002	1.007114e-001
3.140000e-001	9.062693e-001	3.829815e-002	1.471535e-001	1.004229e-001	-8.276531e-002	1.004230e-001
3.150000e-001	9.062780e-001	3.821156e-002	1.471287e-001	1.001303e-001	-8.256947e-002	1.001305e-001
3.160000e-001	9.062866e-001	3.812613e-002	1.471036e-001	9.983367e-002	-8.237062e-002	9.983382e-002
3.170000e-001	9.062951e-001	3.804186e-002	1.470781e-001	9.953285e-002	-8.216874e-002	9.953301e-002
3.180000e-001	9.063037e-001	3.795876e-002	1.470522e-001	9.922791e-002	-8.196383e-002	9.922806e-002
3.190000e-001	9.063121e-001	3.787686e-002	1.470260e-001	9.891886e-002	-8.175591e-002	9.891901e-002
3.200000e-001	9.063206e-001	3.779616e-002	1.469994e-001	9.860572e-002	-8.154496e-002	9.860587e-002
3.210000e-001	9.063290e-001	3.771668e-002	1.469725e-001	9.828851e-002	-8.133100e-002	9.828866e-002
3.220000e-001	9.063373e-001	3.763843e-002	1.469452e-001	9.796724e-002	-8.111401e-002	9.796740e-002
3.230000e-001	9.063457e-001	3.756142e-002	1.469176e-001	9.764194e-002	-8.089401e-002	9.764210e-002
3.240000e-001	9.063539e-001	3.748566e-002	1.468896e-001	9.731262e-002	-8.067100e-002	9.731278e-002
3.250000e-001	9.063621e-001	3.741117e-002	1.468612e-001	9.697931e-002	-8.044497e-002	9.697946e-002
3.260000e-001	9.063703e-001	3.733795e-002	1.468325e-001	9.664201e-002	-8.021593e-002	9.664216e-002
3.270000e-001	9.063785e-001	3.726603e-002	1.468035e-001	9.630075e-002	-7.998387e-002	9.630090e-002
3.280000e-001	9.063866e-001	3.719540e-002	1.467741e-001	9.595555e-002	-7.974881e-002	9.595570e-002
3.290000e-001	9.063946e-001	3.712609e-002	1.467443e-001	9.560643e-002	-7.951074e-002	9.560658e-002
3.300000e-001	9.064027e-001	3.705810e-002	1.467142e-001	9.525341e-002	-7.926966e-002	9.525356e-002
3.310000e-001	9.064106e-001	3.699144e-002	1.466838e-001	9.489651e-002	-7.902558e-002	9.489665e-002
3.320000e-001	9.064186e-001	3.692613e-002	1.466530e-001	9.453574e-002	-7.877849e-002	9.453589e-002
3.330000e-001	9.064265e-001	3.686217e-002	1.466219e-001	9.417113e-002	-7.852841e-002	9.417128e-002
3.340000e-001	9.064343e-001	3.679957e-002	1.465904e-001	9.380270e-002	-7.827533e-002	9.380285e-002
3.350000e-001	9.064421e-001	3.673835e-002	1.465586e-001	9.343047e-002	-7.801924e-002	9.343062e-002
3.360000e-001	9.064499e-001	3.667851e-002	1.465264e-001	9.305447e-002	-7.776017e-002	9.305461e-002
3.370000e-001	9.064576e-001	3.662006e-002	1.464939e-001	9.267470e-002	-7.749810e-002	9.267485e-002
3.380000e-001	9.064653e-001	3.656302e-002	1.464611e-001	9.229120e-002	-7.723304e-002	9.229134e-002
3.390000e-001	9.064729e-001	3.650739e-002	1.464279e-001	9.190398e-002	-7.696500e-002	9.190413e-002
3.400000e-001	9.064805e-001	3.645318e-002	1.463944e-001	9.151307e-002	-7.669396e-002	9.151322e-002
3.410000e-001	9.064880e-001	3.640039e-002	1.463606e-001	9.111849e-002	-7.641995e-002	9.111863e-002
3.420000e-001	9.064955e-001	3.634905e-002	1.463264e-001	9.072026e-002	-7.614295e-002	9.072040e-002
3.430000e-001	9.065030e-001	3.629915e-002	1.462919e-001	9.031840e-002	-7.586298e-002	9.031855e-002
3.440000e-001	9.065104e-001	3.625070e-002	1.462571e-001	8.991294e-002	-7.558003e-002	8.991308e-002
3.450000e-001	9.065178e-001	3.620371e-002	1.462220e-001	8.950389e-002	-7.529411e-002	8.950404e-002
3.460000e-001	9.065251e-001	3.615819e-002	1.461865e-001	8.909129e-002	-7.500522e-002	8.909144e-002
3.470000e-001	9.065324e-001	3.611415e-002	1.461507e-001	8.867515e-002	-7.471337e-002	8.867530e-002
3.480000e-001	9.065396e-001	3.607158e-002	1.461145e-001	8.825550e-002	-7.441855e-002	8.825565e-002
3.490000e-001	9.065468e-001	3.603051e-002	1.460781e-001	8.783236e-002	-7.412077e-002	8.783251e-002
3.500000e-001	9.065540e-001	3.599093e-002	1.460413e-001	8.740576e-002	-7.382003e-002	8.740590e-002
3.510000e-001	9.065611e-001	3.595286e-002	1.460042e-001	8.697571e-002	-7.351634e-002	8.697586e-002
3.520000e-001	9.065682e-001	3.591629e-002	1.459668e-001	8.654224e-002	-7.320970e-002	8.654239e-002
3.530000e-001	9.065752e-001	3.588123e-002	1.459291e-001	8.610539e-002	-7.290011e-002	8.610553e-002
3.540000e-001	9.065822e-001	3.584770e-002	1.458911e-001	8.566516e-002	-7.258758e-002	8.566530e-002
3.550000e-001	9.065891e-001	3.581569e-002	1.458527e-001	8.522158e-002	-7.227211e-002	8.522173e-002
3.560000e-001	9.065960e-001	3.578521e-002	1.458140e-001	8.477469e-002	-7.195371e-002	8.477484e-002
3.570000e-001	9.066028e-001	3.575626e-002	1.457751e-001	8.432450e-002	-7.163238e-002	8.432465e-002
3.580000e-001	9.066096e-001	3.572885e-002	1.457358e-001	8.387104e-002	-7.130812e-002	8.387118e-002
3.590000e-001	9.066164e-001	3.570298e-002	1.456962e-001	8.341433e-002	-7.098093e-002	8.341448e-002
3.600000e-001	9.066231e-001	3.567866e-002	1.456563e-001	8.295440e-002	-7.065083e-002	8.295455e-002
3.610000e-001	9.066298e-001	3.565589e-002	1.456161e-001	8.249128e-002	-7.031781e-002	8.249143e-002
3.620000e-001	9.066364e-001	3.563468e-002	1.455756e-001	8.202498e-002	-6.998188e-002	8.202513e-002
3.630000e-001	9.066430e-001	3.561503e-002	1.455348e-001	8.155554e-002	-6.964305e-002	8.155569e-002
3.640000e-001	9.066495e-001	3.559693e-002	1.454937e-001	8.108299e-002	-6.930132e-002	8.108314e-002
3.650000e-001	9.066560e-001	3.558040e-002	1.454523e-001	8.060734e-002	-6.895669e-002	8.060749e-002
3.660000e-001	9.066624e-001	3.556544e-002	1.454106e-001	8.012862e-002	-6.860917e-002	8.012877e-002
3.670000e-001	9.066688e-001	3.555204e-002	1.453686e-001	7.964686e-002	-6.825877e-002	7.964702e-002
3.680000e-001	9.066752e-001	3.554022e-002	1.453263e-001	7.916209e-002	-6.790549e-002	7.916224e-002
3.690000e-001	9.066815e-001	3.552996e-002	1.452837e-001	7.867433e-002	-6.754933e-002	7.867449e-002
3.700000e-001	9.066878e-001	3.552129e-002	1.452408e-001	7.818361e-002	-6.719030e-002	7.818377e-002
3.710000e-001	9.066940e-001	3.551419e-002	1.451977e-001	7.768996e-002	-6.682841e-002	7.769011e-002
3.720000e-001	9.067001e-001	3.550866e-002	1.451543e-001	7.719339e-002	-6.646366e-002	7.719355e-002
3.730000e-001	9.067063e-001	3.550472e-002	1.451105e-001	7.669395e-002	-6.609605e-002	7.669411e-002
3.740000e-001	9.067124e-001	3.550235e-002	1.450665e-001	7.619165e-002	-6.572561e-002	7.619181e-002
3.750000e-001	9.067184e-001	3.550156e-002	1.450222e-001	7.568653e-002	-6.535232e-002	7.568669e-002
3.760000e-001	9.067244e-001	3.550235e-002	1.449777e-001	7.517861e-002	-6.497619e-002	7.517877e-002
3.770000e-001	9.067303e-001	3.550472e-002	1.449328e-001	7.466791e-002	-6.459724e-002	7.466807e-002
3.780000e-001	9.067362e-001	3.550866e-002	1.448877e-001	7.415448e-002	-6.421547e-002	7.415464e-002
3.790000e-001	9.067421e-001	3.551419e-002	1.448423e-001	7.363832e-002	-6.383088e-002	7.363848e-002
3.800000e-001	9.067479e-001	3.552129e-002	1.447966e-001	7.311948e-002	-6.344349e-002	7.311964e-002
3.810000e-001	9.067536e-001	3.552997e-002	1.447507e-001	7.259797e-002	-6.305330e-002	7.259814e-002
3.820000e-001	9.067594e-001	3.554022e-002	1.447045e-001	7.207384e-002	-6.266031e-002	7.207400e-002
3.830000e-001	9.067650e-001	3.555205e-002	1.446580e-001	7.154709e-002	-6.226453e-002	7.154726e-002
3.840000e-001	9.067706e-001	3.556544e-002	1.446113e-001	7.101777e-002	-6.186598e-002	7.101794e-002
3.850000e-001	9.067762e-001	3.558041e-002	1.445643e-001	7.048591e-002	-6.146465e-002	7.048608e-002
3.860000e-001	9.067818e-001	3.559694e-002	1.445170e-001	6.995152e-002	-6.106056e-002	6.995169e-002
3.870000e-001	9.067872e-001	3.561503e-002	1.444695e-001	6.941464e-002	-6.065371e-002	6.941481e-002
3.880000e-001	9.067927e-001	3.563469e-002	1.444217e-001	6.887530e-002	-6.024411e-002	6.887547e-002
3.890000e-001	9.067981e-001	3.565590e-002	1.443737e-001	6.833353e-002	-5.983178e-002	6.833370e-002
3.900000e-001	9.068034e-001	3.567867e-002	1.443254e-001	6.778934e-002	-5.941671e-002	6.778952e-002
3.910000e-001	9.068087e-001	3.570299e-002	1.442769e-001	6.724279e-002	-5.899891e-002	6.724296e-002
3.920000e-001	9.068140e-001	3.572886e-002	1.442281e-001	6.669388e-002	-5.857840e-002	6.669406e-002
3.930000e-001	9.068192e-001	3.575627e-002	1.441790e-001	6.614265e-002	-5.815519e-002	6.614283e-002
3.940000e-001	9.068243e-001	3.578522e-002	1.441298e-001	6.558914e-002	-5.772927e-002	6.558932e-002
3.950000e-001	9.068294e-001	3.581570e-002	1.440802e-001	6.503336e-002	-5.730067e-002	6.503355e-002
3.960000e-001	9.068345e-001	3.584771e-002	1.440305e-001	6.447536e-002	-5.686938e-002	6.447554e-002
3.970000e-001	9.068395e-001	3.588125e-002	1.439805e-001	6.391515e-002	-5.643543e-002	6.391533e-002
3.980000e-001	9.068445e-001	3.591630e-002	1.439302e-001	6.335276e-002	-5.599881e-002	6.335295e-002
3.990000e-001	9.068494e-001	3.595287e-002	1.438797e-001	6.278824e-002	-5.555954e-002	6.278843e-002
4.000000e-001	9.068543e-001	3.599095e-002	1.438290e-001	6.222160e-002	-5.511763e-002	6.222179e-002
4.010000e-001	9.068591e-001	3.603053e-002	1.437781e-001	6.165287e-002	-5.467309e-002	6.165306e-002
4.020000e-001	9.068639e-001	3.607160e-002	1.437269e-001	6.108209e-002	-5.422592e-002	6.108228e-002
4.030000e-001	9.068687e-001	3.611416e-002	1.436755e-001	6.050929e-002	-5.377614e-002	6.050948e-002
4.040000e-001	9.068733e-001	3.615821e-002	1.436239e-001	5.993448e-002	-5.332376e-002	5.993468e-002
4.050000e-001	9.068780e-001	3.620373e-002	1.435720e-001	5.935772e-002	-5.286879e-002	5.935791e-002
4.060000e-001	9.068826e-001	3.625072e-002	1.435199e-001	5.877901e-002	-5.241124e-002	5.877921e-002
4.070000e-001	9.068871e-001	3.629917e-002	1.434676e-001	5.819840e-002	-5.195112e-002	5.819860e-002
4.080000e-001	9.068916e-001	3.634907e-002	1.434151e-001	5.761591e-002	-5.148844e-002	5.761612e-002
4.090000e-001	9.068961e-001	3.640041e-002	1.433624e-001	5.703158e-002	-5.102321e-002	5.703178e-002
4.100000e-001	9.069005e-001	3.645320e-002	1.433094e-001	5.644543e-002	-5.055545e-002	5.644563e-002
4.110000e-001	9.069049e-001	3.650741e-002	1.432563e-001	5.585749e-002	-5.008516e-002	5.585770e-002
4.120000e-001	9.069092e-001	3.656304e-002	1.432029e-001	5.526779e-002	-4.961236e-002	5.526800e-002
4.130000e-001	9.069134e-001	3.662009e-002	1.431494e-001	5.467637e-002	-4.913706e-002	5.467658e-002
4.140000e-001	9.069177e-001	3.667853e-002	1.430956e-001	5.408325e-002	-4.865926e-002	5.408347e-002
4.150000e-001	9.069218e-001	3.673837e-002	1.430416e-001	5.348847e-002	-4.817900e-002	5.348868e-002
4.160000e-001	9.069259e-001	3.679960e-002	1.429874e-001	5.289205e-002	-4.769626e-002	5.289226e-002
4.170000e-001	9.069300e-001	3.686219e-002	1.429330e-001	5.229402e-002	-4.721108e-002	5.229424e-002
4.180000e-001	9.069341e-001	3.692616e-002	1.428785e-001	5.169441e-002	-4.672345e-002	5.169463e-002
4.190000e-001	9.069380e-001	3.699147e-002	1.428237e-001	5.109326e-002	-4.623340e-002	5.109349e-002
4.200000e-001	9.069420e-001	3.705813e-002	1.427687e-001	5.049059e-002	-4.574094e-002	5.049082e-002
4.210000e-001	9.069458e-001	3.712612e-002	1.427136e-001	4.988644e-002	-4.524607e-002	4.988667e-002
4.220000e-001	9.069497e-001	3.719544e-002	1.426582e-001	4.928083e-002	-4.474882e-002	4.928106e-002
4.230000e-001	9.069535e-001	3.726606e-002	1.426027e-001	4.867380e-002	-4.424920e-002	4.867403e-002
4.240000e-001	9.069572e-001	3.733799e-002	1.425470e-001	4.806537e-002	-4.374721e-002	4.806561e-002
4.250000e-001	9.069609e-001	3.741120e-002	1.424911e-001	4.745558e-002	-4.324288e-002	4.745581e-002
4.260000e-001	9.069645e-001	3.748570e-002	1.424350e-001	4.684445e-002	-4.273622e-002	4.684469e-002
4.270000e-001	9.069681e-001	3.756146e-002	1.423788e-001	4.623202e-002	-4.222724e-002	4.623226e-002
4.280000e-001	9.069717e-001	3.763847e-002	1.423224e-001	4.561831e-002	-4.171596e-002	4.561855e-002
4.290000e-001	9.069752e-001	3.771672e-002	1.422658e-001	4.500336e-002	-4.120239e-002	4.500361e-002
4.300000e-001	9.069786e-001	3.779620e-002	1.422090e-001	4.438720e-002	-4.068655e-002	4.438744e-002
4.310000e-001	9.069820e-001	3.787690e-002	1.421521e-001	4.376985e-002	-4.016845e-002	4.377010e-002
4.320000e-001	9.069854e-001	3.795881e-002	1.420950e-001	4.315135e-002	-3.964810e-002	4.315160e-002
4.330000e-001	9.069887e-001	3.804190e-002	1.420377e-001	4.253172e-002	-3.912553e-002	4.253198e-002
4.340000e-001	9.069920e-001	3.812617e-002	1.419803e-001	4.191101e-002	-3.860075e-002	4.191126e-002
4.350000e-001	9.069952e-001	3.821161e-002	1.419227e-001	4.128923e-002	-3.807377e-002	4.128949e-002
4.360000e-001	9.069983e-001	3.829820e-002	1.418649e-001	4.066641e-002	-3.754460e-002	4.066668e-002
4.370000e-001	9.070015e-001	3.838592e-002	1.418070e-001	4.004260e-002	-3.701328e-002	4.004286e-002
4.380000e-001	9.070045e-001	3.847477e-002	1.417490e-001	3.941781e-002	-3.647980e-002	3.941808e-002
4.390000e-001	9.070075e-001	3.856473e-002	1.416908e-001	3.879208e-002	-3.594419e-002	3.879235e-002
4.400000e-001	9.070105e-001	3.865578e-002	1.416325e-001	3.816544e-002	-3.540647e-002	3.816571e-002
4.410000e-001	9.070134e-001	3.874791e-002	1.415740e-001	3.753792e-002	-3.486665e-002	3.753819e-002
4.420000e-001	9.070163e-001	3.884111e-002	1.415153e-001	3.690954e-002	-3.432474e-002	3.690981e-002
4.430000e-001	9.070191e-001	3.893537e-002	1.414566e-001	3.628034e-002	-3.378077e-002	3.628062e-002
4.440000e-001	9.070219e-001	3.903065e-002	1.413976e-001	3.565035e-002	-3.323475e-002	3.565063e-002
4.450000e-001	9.070246e-001	3.912696e-002	1.413386e-001	3.501959e-002	-3.268671e-002	3.501988e-002
4.460000e-001	9.070273e-001	3.922428e-002	1.412794e-001	3.438810e-002	-3.213665e-002	3.438839e-002
4.470000e-001	9.070299e-001	3.932259e-002	1.412201e-001	3.375591e-002	-3.158459e-002	3.375620e-002
4.480000e-001	9.070325e-001	3.942187e-002	1.411607e-001	3.312305e-002	-3.103056e-002	3.312334e-002
4.490000e-001	9.070350e-001	3.952212e-002	1.411011e-001	3.248954e-002	-3.047457e-002	3.248983e-002
4.500000e-001	9.070375e-001	3.962330e-002	1.410414e-001	3.185542e-002	-2.991664e-002	3.185571e-002
4.510000e-001	9.070400e-001	3.972542e-002	1.409816e-001	3.122071e-002	-2.935678e-002	3.122101e-002
4.520000e-001	9.070423e-001	3.982845e-002	1.409216e-001	3.058545e-002	-2.879503e-002	3.058575e-002
4.530000e-001	9.070447e-001	3.993237e-002	1.408616e-001	2.994966e-002	-2.823139e-002	2.994996e-002
4.540000e-001	9.070470e-001	4.003717e-002	1.408014e-001	2.931337e-002	-2.766588e-002	2.931368e-002
4.550000e-001	9.070492e-001	4.014284e-002	1.407411e-001	2.867662e-002	-2.709853e-002	2.867693e-002
4.560000e-001	9.070514e-001	4.024935e-002	1.406808e-001	2.803943e-002	-2.652935e-002	2.803974e-002
4.570000e-001	9.070535e-001	4.035669e-002	1.406203e-001	2.740184e-002	-2.595836e-002	2.740215e-002
4.580000e-001	9.070556e-001	4.046484e-002	1.405597e-001	2.676386e-002	-2.538559e-002	2.676417e-002
4.590000e-001	9.070577e-001	4.057379e-002	1.404989e-001	2.612553e-002	-2.481105e-002	2.612585e-002
4.600000e-001	9.070597e-001	4.068351e-002	1.404381e-001	2.548688e-002	-2.423476e-002	2.548720e-002
4.610000e-001	9.070616e-001	4.079400e-002	1.403772e-001	2.484794e-002	-2.365674e-002	2.484826e-002
4.620000e-001	9.070635e-001	4.090523e-002	1.403162e-001	2.420874e-002	-2.307702e-002	2.420906e-002
4.630000e-001	9.070653e-001	4.101719e-002	1.402551e-001	2.356930e-002	-2.249561e-002	2.356963e-002
4.640000e-001	9.070671e-001	4.112985e-002	1.401940e-001	2.292966e-002	-2.191253e-002	2.292999e-002
4.650000e-001	9.070689e-001	4.124320e-002	1.401327e-001	2.228984e-002	-2.132781e-002	2.229017e-002
4.660000e-001	9.070706e-001	4.135723e-002	1.400713e-001	2.164987e-002	-2.074146e-002	2.165020e-002
4.670000e-001	9.070722e-001	4.147191e-002	1.400099e-001	2.100978e-002	-2.015351e-002	2.101011e-002
4.680000e-001	9.070738e-001	4.158723e-002	1.399484e-001	2.036960e-002	-1.956398e-002	2.036993e-002
4.690000e-001	9.070754e-001	4.170316e-002	1.398867e-001	1.972935e-002	-1.897290e-002	1.972969e-002
4.700000e-001	9.070769e-001	4.181969e-002	1.398251e-001	1.908907e-002	-1.838027e-002	1.908941e-002
4.710000e-001	9.070784e-001	4.193681e-002	1.397633e-001	1.844878e-002	-1.778613e-002	1.844913e-002
4.720000e-001	9.070798e-001	4.205449e-002	1.397015e-001	1.780852e-002	-1.719049e-002	1.780886e-002
4.730000e-001	9.070811e-001	4.217271e-002	1.396396e-001	1.716830e-002	-1.659338e-002	1.716865e-002
4.740000e-001	9.070824e-001	4.229146e-002	1.395776e-001	1.652816e-002	-1.599482e-002	1.652851e-002
4.750000e-001	9.070837e-001	4.241071e-002	1.395156e-001	1.588813e-002	-1.539484e-002	1.588848e-002
4.760000e-001	9.070849e-001	4.253046e-002	1.394535e-001	1.524822e-002	-1.479345e-002	1.524858e-002
4.770000e-001	9.070861e-001	4.265067e-002	1.393914e-001	1.460848e-002	-1.419067e-002	1.460884e-002
4.780000e-001	9.070872e-001	4.277133e-002	1.393292e-001	1.396893e-002	-1.358654e-002	1.396928e-002
4.790000e-001	9.070882e-001	4.289242e-002	1.392669e-001	1.332959e-002	-1.298108e-002	1.332994e-002
4.800000e-001	9.070892e-001	4.301393e-002	1.392046e-001	1.269049e-002	-1.237430e-002	1.269085e-002
4.810000e-001	9.070902e-001	4.313582e-002	1.391422e-001	1.205166e-002	-1.176624e-002	1.205202e-002
4.820000e-001	9.070911e-001	4.325809e-002	1.390798e-001	1.141313e-002	-1.115690e-002	1.141349e-002
4.830000e-001	9.070920e-001	4.338072e-002	1.390174e-001	1.077492e-002	-1.054633e-002	1.077528e-002
4.840000e-001	9.070928e-001	4.350368e-002	1.389549e-001	1.013706e-002	-9.934543e-003	1.013743e-002
4.850000e-001	9.070936e-001	4.362695e-002	1.388924e-001	9.499576e-003	-9.321560e-003	9.499946e-003
4.860000e-001	9.070943e-001	4.375052e-002	1.388298e-001	8.862498e-003	-8.707408e-003	8.862870e-003
4.870000e-001	9.070949e-001	4.387437e-002	1.387672e-001	8.225850e-003	-8.092111e-003	8.226224e-003
4.880000e-001	9.070956e-001	4.399847e-002	1.387046e-001	7.589659e-003	-7.475693e-003	7.590035e-003
4.890000e-001	9.070961e-001	4.412281e-002	1.386419e-001	6.953951e-003	-6.858180e-003	6.954328e-003
4.900000e-001	9.070966e-001	4.424737e-002	1.385792e-001	6.318752e-003	-6.239596e-003	6.319131e-003
4.910000e-001	9.070971e-001	4.437213e-002	1.385165e-001	5.684089e-003	-5.619966e-003	5.684469e-003
4.920000e-001	9.070975e-001	4.449706e-002	1.384537e-001	5.049987e-003	-4.999315e-003	5.050369e-003
4.930000e-001	9.070979e-001	4.462216e-002	1.383910e-001	4.416472e-003	-4.377669e-003	4.416855e-003
4.940000e-001	9.070982e-001	4.474739e-002	1.383282e-001	3.783569e-003	-3.755052e-003	3.783955e-003
4.950000e-001	9.070985e-001	4.487274e-002	1.382654e-001	3.151306e-003	-3.131489e-003	3.151692e-003
4.960000e-001	9.070987e-001	4.499819e-002	1.382026e-001	2.519706e-003	-2.507008e-003	2.520094e-003
4.970000e-001	9.070989e-001	4.512372e-002	1.381398e-001	1.888795e-003	-1.881632e-003	1.889185e-003
4.980000e-001	9.070990e-001	4.524931e-002	1.380770e-001	1.258600e-003	-1.255389e-003	1.258991e-003
4.990000e-001	9.070991e-001	4.537494e-002	1.380141e-001	6.291435e-004	-6.283039e-004	6.295357e-004
5.000000e-001	9.070991e-001	4.550058e-002	1.379513e-001	4.520510e-007	-4.030169e-007	8.455648e-007
5.010000e-001	9.070991e-001	4.562623e-002	1.378885e-001	-6.274498e-004	6.282875e-004	-6.270550e-004
5.020000e-001	9.070990e-001	4.575186e-002	1.378257e-001	-1.254537e-003	1.257741e-003	-1.254141e-003
5.030000e-001	9.070989e-001	4.587745e-002	1.377628e-001	-1.880786e-003	1.887932e-003	-1.880389e-003
5.040000e-001	9.070987e-001	4.600298e-002	1.377000e-001	-2.506171e-003	2.518832e-003	-2.505773e-003
5.050000e-001	9.070985e-001	4.612843e-002	1.376372e-001	-3.130669e-003	3.150416e-003	-3.130269e-003
5.060000e-001	9.070982e-001	4.625378e-002	1.375744e-001	-3.754254e-003	3.782656e-003	-3.753854e-003
5.070000e-001	9.070979e-001	4.637901e-002	1.375116e-001	-4.376904e-003	4.415527e-003	-4.376502e-003
5.080000e-001	9.070975e-001	4.650411e-002	1.374489e-001	-4.998593e-003	5.048999e-003	-4.998191e-003
5.090000e-001	9.070971e-001	4.662904e-002	1.373861e-001	-5.619299e-003	5.683047e-003	-5.618895e-003
5.100000e-001	9.070966e-001	4.675380e-002	1.373234e-001	-6.238997e-003	6.317644e-003	-6.238593e-003
5.110000e-001	9.070961e-001	4.687836e-002	1.372607e-001	-6.857664e-003	6.952760e-003	-6.857259e-003
5.120000e-001	9.070956e-001	4.700270e-002	1.371981e-001	-7.475276e-003	7.588371e-003	-7.474870e-003
5.130000e-001	9.070949e-001	4.712680e-002	1.371354e-001	-8.091811e-003	8.224446e-003	-8.091404e-003
5.140000e-001	9.070943e-001	4.725065e-002	1.370728e-001	-8.707245e-003	8.860960e-003	-8.706838e-003
5.150000e-001	9.070936e-001	4.737422e-002	1.370103e-001	-9.321555e-003	9.497883e-003	-9.321147e-003
5.160000e-001	9.070928e-001	4.749749e-002	1.369477e-001	-9.934718e-003	1.013519e-002	-9.934309e-003
5.170000e-001	9.070920e-001	4.762045e-002	1.368852e-001	-1.054671e-002	1.077285e-002	-1.054630e-002
5.180000e-001	9.070911e-001	4.774308e-002	1.368228e-001	-1.115751e-002	1.141083e-002	-1.115710e-002
5.190000e-001	9.070902e-001	4.786535e-002	1.367604e-001	-1.176710e-002	1.204912e-002	-1.176669e-002
5.200000e-001	9.070892e-001	4.798725e-002	1.366980e-001	-1.237545e-002	1.268767e-002	-1.237504e-002
5.210000e-001	9.070882e-001	4.810875e-002	1.366357e-001	-1.298254e-002	1.332647e-002	-1.298213e-002
5.220000e-001	9.070872e-001	4.822985e-002	1.365735e-001	-1.358835e-002	1.396547e-002	-1.358794e-002
5.230000e-001	9.070861e-001	4.835051e-002	1.365113e-001	-1.419286e-002	1.460466e-002	-1.419245e-002
5.240000e-001	9.070849e-001	4.847072e-002	1.364491e-001	-1.479604e-002	1.524401e-002	-1.479563e-002
5.250000e-001	9.070837e-001	4.859046e-002	1.363870e-001	-1.539788e-002	1.588348e-002	-1.539747e-002
5.260000e-001	9.070824e-001	4.870972e-002	1.363250e-001	-1.599835e-002	1.652305e-002	-1.599794e-002
5.270000e-001	9.070811e-001	4.882847e-002	1.362630e-001	-1.659743e-002	1.716269e-002	-1.659702e-002
5.280000e-001	9.070798e-001	4.894669e-002	1.362011e-001	-1.719510e-002	1.780237e-002	-1.719469e-002
5.290000e-001	9.070784e-001	4.906437e-002	1.361393e-001	-1.779134e-002	1.844206e-002	-1.779093e-002
5.300000e-001	9.070769e-001	4.918148e-002	1.360776e-001	-1.838613e-002	1.908174e-002	-1.838572e-002
5.310000e-001	9.070754e-001	4.929802e-002	1.360159e-001	-1.897944e-002	1.972136e-002	-1.897903e-002
5.320000e-001	9.070739e-001	4.941395e-002	1.359543e-001	-1.957127e-002	2.036091e-002	-1.957085e-002
5.330000e-001	9.070723e-001	4.952927e-002	1.358928e-001	-2.016157e-002	2.100035e-002	-2.016116e-002
5.340000e-001	9.070706e-001	4.964395e-002	1.358313e-001	-2.075035e-002	2.163966e-002	-2.074994e-002
5.350000e-001	9.070689e-001	4.975798e-002	1.357700e-001	-2.133757e-002	2.227880e-002	-2.133716e-002
5.360000e-001	9.070672e-001	4.987133e-002	1.357087e-001	-2.192322e-002	2.291775e-002	-2.192280e-002
5.370000e-001	9.070654e-001	4.998400e-002	1.356475e-001	-2.250727e-002	2.355648e-002	-2.250686e-002
5.380000e-001	9.070635e-001	5.009595e-002	1.355864e-001	-2.308971e-002	2.419495e-002	-2.308930e-002
5.390000e-001	9.070616e-001	5.020718e-002	1.355254e-001	-2.367052e-002	2.483313e-002	-2.367010e-002
5.400000e-001	9.070597e-001	5.031767e-002	1.354645e-001	-2.424967e-002	2.547101e-002	-2.424926e-002
5.410000e-001	9.070577e-001	5.042740e-002	1.354037e-001	-2.482715e-002	2.610854e-002	-2.482674e-002
5.420000e-001	9.070557e-001	5.053635e-002	1.353430e-001	-2.540294e-002	2.674570e-002	-2.540254e-002
5.430000e-001	9.070536e-001	5.064450e-002	1.352824e-001	-2.597703e-002	2.738245e-002	-2.597662e-002
5.440000e-001	9.070514e-001	5.075184e-002	1.352219e-001	-2.654938e-002	2.801878e-002	-2.654897e-002
5.450000e-001	9.070492e-001	5.085835e-002	1.351615e-001	-2.711999e-002	2.865464e-002	-2.711958e-002
5.460000e-001	9.070470e-001	5.096402e-002	1.351012e-001	-2.768883e-002	2.929001e-002	-2.768843e-002
5.470000e-001	9.070447e-001	5.106882e-002	1.350411e-001	-2.825589e-002	2.992485e-002	-2.825548e-002
5.480000e-001	9.070424e-001	5.117275e-002	1.349810e-001	-2.882115e-002	3.055915e-002	-2.882074e-002
5.490000e-001	9.070400e-001	5.127577e-002	1.349211e-001	-2.938458e-002	3.119286e-002	-2.938418e-002
5.500000e-001	9.070376e-001	5.137789e-002	1.348613e-001	-2.994618e-002	3.182596e-002	-2.994578e-002
5.510000e-001	9.070351e-001	5.147908e-002	1.348016e-001	-3.050592e-002	3.245841e-002	-3.050552e-002
5.520000e-001	9.070325e-001	5.157932e-002	1.347420e-001	-3.106379e-002	3.309019e-002	-3.106339e-002
5.530000e-001	9.070300e-001	5.167861e-002	1.346826e-001	-3.161977e-002	3.372127e-002	-3.161937e-002
5.540000e-001	9.070273e-001	5.177692e-002	1.346232e-001	-3.217384e-002	3.435162e-002	-3.217345e-002
5.550000e-001	9.070247e-001	5.187423e-002	1.345641e-001	-3.272599e-002	3.498120e-002	-3.272559e-002
5.560000e-001	9.070219e-001	5.197054e-002	1.345050e-001	-3.327619e-002	3.560998e-002	-3.327580e-002
5.570000e-001	9.070192e-001	5.206583e-002	1.344461e-001	-3.382444e-002	3.623794e-002	-3.382405e-002
5.580000e-001	9.070163e-001	5.216009e-002	1.343873e-001	-3.437071e-002	3.686505e-002	-3.437032e-002
5.590000e-001	9.070135e-001	5.225329e-002	1.343287e-001	-3.491499e-002	3.749127e-002	-3.491460e-002
5.600000e-001	9.070105e-001	5.234542e-002	1.342702e-001	-3.545726e-002	3.811657e-002	-3.545687e-002
5.610000e-001	9.070076e-001	5.243648e-002	1.342119e-001	-3.599750e-002	3.874093e-002	-3.599711e-002
5.620000e-001	9.070046e-001	5.252644e-002	1.341537e-001	-3.653570e-002	3.936431e-002	-3.653532e-002
5.630000e-001	9.070015e-001	5.261529e-002	1.340956e-001	-3.707185e-002	3.998669e-002	-3.707147e-002
5.640000e-001	9.069984e-001	5.270301e-002	1.340377e-001	-3.760592e-002	4.060803e-002	-3.760554e-002
5.650000e-001	9.069952e-001	5.278960e-002	1.339800e-001	-3.813791e-002	4.122830e-002	-3.813753e-002
5.660000e-001	9.069920e-001	5.287504e-002	1.339224e-001	-3.866779e-002	4.184747e-002	-3.866741e-002
5.670000e-001	9.069887e-001	5.295931e-002	1.338650e-001	-3.919556e-002	4.246551e-002	-3.919518e-002
5.680000e-001	9.069854e-001	5.304241e-002	1.338077e-001	-3.972118e-002	4.308240e-002	-3.972081e-002
5.690000e-001	9.069821e-001	5.312431e-002	1.337506e-001	-4.024466e-002	4.369809e-002	-4.024429e-002
5.700000e-001	9.069787e-001	5.320501e-002	1.336937e-001	-4.076598e-002	4.431257e-002	-4.076561e-002
5.710000e-001	9.069752e-001	5.328449e-002	1.336369e-001	-4.128511e-002	4.492580e-002	-4.128474e-002
5.720000e-001	9.069717e-001	5.336275e-002	1.335803e-001	-4.180205e-002	4.553774e-002	-4.180169e-002
5.730000e-001	9.069682e-001	5.343976e-002	1.335239e-001	-4.231679e-002	4.614838e-002	-4.231642e-002
5.740000e-001	9.069646e-001	5.351552e-002	1.334677e-001	-4.282930e-002	4.675768e-002	-4.282894e-002
5.750000e-001	9.069609e-001	5.359002e-002	1.334116e-001	-4.333957e-002	4.736560e-002	-4.333921e-002
5.760000e-001	9.069573e-001	5.366323e-002	1.333557e-001	-4.384760e-002	4.797213e-002	-4.384724e-002
5.770000e-001	9.069535e-001	5.373516e-002	1.333000e-001	-4.435335e-002	4.857722e-002	-4.435300e-002
5.780000e-001	9.069497e-001	5.380579e-002	1.332445e-001	-4.485683e-002	4.918085e-002	-4.485648e-002
5.790000e-001	9.069459e-001	5.387510e-002	1.331891e-001	-4.535802e-002	4.978299e-002	-4.535767e-002
5.800000e-001	9.069420e-001	5.394310e-002	1.331340e-001	-4.585690e-002	5.038361e-002	-4.585655e-002
5.810000e-001	9.069381e-001	5.400976e-002	1.330790e-001	-4.635346e-002	5.098268e-002	-4.635312e-002
5.820000e-001	9.069341e-001	5.407507e-002	1.330242e-001	-4.684769e-002	5.158016e-002	-4.684735e-002
5.830000e-001	9.069301e-001	5.413904e-002	1.329697e-001	-4.733958e-002	5.217604e-002	-4.733923e-002
5.840000e-001	9.069260e-001	5.420163e-002	1.329153e-001	-4.782910e-002	5.277027e-002	-4.782876e-002
5.850000e-001	9.069219e-001	5.426286e-002	1.328611e-001	-4.831626e-002	5.336283e-002	-4.831592e-002
5.860000e-001	9.069177e-001	5.432270e-002	1.328071e-001	-4.880103e-002	5.395369e-002	-4.880069e-002
5.870000e-001	9.069135e-001	5.438115e-002	1.327533e-001	-4.928340e-002	5.454282e-002	-4.928307e-002
5.880000e-001	9.069092e-001	5.443819e-002	1.326998e-001	-4.976337e-002	5.513019e-002	-4.976304e-002
5.890000e-001	9.069049e-001	5.449383e-002	1.326464e-001	-5.024091e-002	5.571577e-002	-5.024058e-002
5.900000e-001	9.069006e-001	5.454804e-002	1.325933e-001	-5.071602e-002	5.629952e-002	-5.071570e-002
5.910000e-001	9.068961e-001	5.460083e-002	1.325403e-001	-5.118869e-002	5.688143e-002	-5.118837e-002
5.920000e-001	9.068917e-001	5.465217e-002	1.324876e-001	-5.165890e-002	5.746146e-002	-5.165858e-002
5.930000e-001	9.068872e-001	5.470208e-002	1.324351e-001	-5.212664e-002	5.803958e-002	-5.212632e-002
5.940000e-001	9.068826e-001	5.475053e-002	1.323828e-001	-5.259190e-002	5.861576e-002	-5.259158e-002
5.950000e-001	9.068780e-001	5.479752e-002	1.323307e-001	-5.305466e-002	5.918998e-002	-5.305435e-002
5.960000e-001	9.068734e-001	5.484304e-002	1.322788e-001	-5.351493e-002	5.976219e-002	-5.351462e-002
5.970000e-001	9.068687e-001	5.488708e-002	1.322272e-001	-5.397268e-002	6.033239e-002	-5.397237e-002
5.980000e-001	9.068640e-001	5.492965e-002	1.321758e-001	-5.442790e-002	6.090052e-002	-5.442760e-002
5.990000e-001	9.068592e-001	5.497072e-002	1.321246e-001	-5.488059e-002	6.146658e-002	-5.488029e-002
6.000000e-001	9.068544e-001	5.501030e-002	1.320737e-001	-5.533073e-002	6.203052e-002	-5.533044e-002
6.010000e-001	9.068495e-001	5.504838e-002	1.320230e-001	-5.577831e-002	6.259232e-002	-5.577802e-002
6.020000e-001	9.068446e-001	5.508495e-002	1.319725e-001	-5.622333e-002	6.315195e-002	-5.622304e-002
6.030000e-001	9.068396e-001	5.512001e-002	1.319223e-001	-5.666576e-002	6.370938e-002	-5.666548e-002
6.040000e-001	9.068346e-001	5.515354e-002	1.318723e-001	-5.710561e-002	6.426458e-002	-5.710533e-002
6.050000e-001	9.068295e-001	5.518556e-002	1.318225e-001	-5.754286e-002	6.481753e-002	-5.754258e-002
6.060000e-001	9.068244e-001	5.521604e-002	1.317730e-001	-5.797749e-002	6.536819e-002	-5.797722e-002
6.070000e-001	9.068192e-001	5.524499e-002	1.317237e-001	-5.840951e-002	6.591653e-002	-5.840924e-002
6.080000e-001	9.068140e-001	5.527240e-002	1.316747e-001	-5.883890e-002	6.646254e-002	-5.883863e-002
6.090000e-001	9.068088e-001	5.529827e-002	1.316259e-001	-5.926565e-002	6.700618e-002	-5.926538e-002
6.100000e-001	9.068035e-001	5.532259e-002	1.315773e-001	-5.968975e-002	6.754742e-002	-5.968949e-002
6.110000e-001	9.067981e-001	5.534536e-002	1.315290e-001	-6.011120e-002	6.808623e-002	-6.011094e-002
6.120000e-001	9.067927e-001	5.536658e-002	1.314810e-001	-6.052997e-002	6.862259e-002	-6.052972e-002
6.130000e-001	9.067873e-001	5.538624e-002	1.314332e-001	-6.094607e-002	6.915647e-002	-6.094582e-002
6.140000e-001	9.067818e-001	5.540433e-002	1.313857e-001	-6.135949e-002	6.968784e-002	-6.135924e-002
6.150000e-001	9.067763e-001	5.542086e-002	1.313385e-001	-6.177020e-002	7.021668e-002	-6.176996e-002
6.160000e-001	9.067707e-001	5.543583e-002	1.312915e-001	-6.217822e-002	7.074295e-002	-6.217798e-002
6.170000e-001	9.067651e-001	5.544923e-002	1.312447e-001	-6.258352e-002	7.126663e-002	-6.258329e-002
6.180000e-001	9.067594e-001	5.546105e-002	1.311983e-001	-6.298611e-002	7.178769e-002	-6.298587e-002
6.190000e-001	9.067537e-001	5.547131e-002	1.311521e-001	-6.338596e-002	7.230611e-002	-6.338573e-002
6.200000e-001	9.067479e-001	5.547999e-002	1.311061e-001	-6.378308e-002	7.282185e-002	-6.378285e-002
6.210000e-001	9.067421e-001	5.548709e-002	1.310605e-001	-6.417745e-002	7.333490e-002	-6.417722e-002
6.220000e-001	9.067363e-001	5.549262e-002	1.310151e-001	-6.456906e-002	7.384522e-002	-6.456884e-002
6.230000e-001	9.067304e-001	5.549656e-002	1.309699e-001	-6.495792e-002	7.435278e-002	-6.495770e-002
6.240000e-001	9.067244e-001	5.549893e-002	1.309251e-001	-6.534400e-002	7.485757e-002	-6.534378e-002
6.250000e-001	9.067184e-001	5.549972e-002	1.308805e-001	-6.572730e-002	7.535955e-002	-6.572709e-002
6.260000e-001	9.067124e-001	5.549894e-002	1.308362e-001	-6.610782e-002	7.585870e-002	-6.610762e-002
6.270000e-001	9.067063e-001	5.549657e-002	1.307922e-001	-6.648555e-002	7.635499e-002	-6.648535e-002
6.280000e-001	9.067002e-001	5.549262e-002	1.307485e-001	-6.686047e-002	7.684840e-002	-6.686027e-002
6.290000e-001	9.066940e-001	5.548710e-002	1.307051e-001	-6.723259e-002	7.733890e-002	-6.723239e-002
6.300000e-001	9.066878e-001	5.548000e-002	1.306619e-001	-6.760189e-002	7.782647e-002	-6.760170e-002
6.310000e-001	9.066816e-001	5.547133e-002	1.306191e-001	-6.796837e-002	7.831107e-002	-6.796818e-002
6.320000e-001	9.066752e-001	5.546107e-002	1.305765e-001	-6.833201e-002	7.879269e-002	-6.833183e-002
6.330000e-001	9.066689e-001	5.544925e-002	1.305342e-001	-6.869282e-002	7.927130e-002	-6.869264e-002
6.340000e-001	9.066625e-001	5.543586e-002	1.304922e-001	-6.905079e-002	7.974686e-002	-6.905061e-002
6.350000e-001	9.066560e-001	5.542089e-002	1.304505e-001	-6.940590e-002	8.021937e-002	-6.940573e-002
6.360000e-001	9.066496e-001	5.540436e-002	1.304091e-001	-6.975816e-002	8.068879e-002	-6.975799e-002
6.370000e-001	9.066430e-001	5.538627e-002	1.303680e-001	-7.010755e-002	8.115510e-002	-7.010738e-002
6.380000e-001	9.066365e-001	5.536662e-002	1.303272e-001	-7.045408e-002	8.161828e-002	-7.045391e-002
6.390000e-001	9.066298e-001	5.534540e-002	1.302867e-001	-7.079772e-002	8.207829e-002	-7.079756e-002
6.400000e-001	9.066232e-001	5.532264e-002	1.302465e-001	-7.113848e-002	8.253512e-002	-7.113832e-002
6.410000e-001	9.066165e-001	5.529832e-002	1.302066e-001	-7.147635e-002	8.298875e-002	-7.147620e-002
6.420000e-001	9.066097e-001	5.527245e-002	1.301670e-001	-7.181133e-002	8.343914e-002	-7.181118e-002
6.430000e-001	9.066029e-001	5.524505e-002	1.301277e-001	-7.214340e-002	8.388627e-002	-7.214325e-002
6.440000e-001	9.065960e-001	5.521610e-002	1.300888e-001	-7.247257e-002	8.433012e-002	-7.247242e-002
6.450000e-001	9.065892e-001	5.518562e-002	1.300501e-001	-7.279882e-002	8.477068e-002	-7.279868e-002
6.460000e-001	9.065822e-001	5.515361e-002	1.300117e-001	-7.312215e-002	8.520790e-002	-7.312201e-002
6.470000e-001	9.065752e-001	5.512007e-002	1.299737e-001	-7.344256e-002	8.564178e-002	-7.344242e-002
6.480000e-001	9.065682e-001	5.508502e-002	1.299360e-001	-7.376003e-002	8.607228e-002	-7.375990e-002
6.490000e-001	9.065612e-001	5.504845e-002	1.298986e-001	-7.407457e-002	8.649939e-002	-7.407444e-002
6.500000e-001	9.065540e-001	5.501038e-002	1.298615e-001	-7.438617e-002	8.692308e-002	-7.438604e-002
6.510000e-001	9.065469e-001	5.497080e-002	1.298247e-001	-7.469482e-002	8.734333e-002	-7.469469e-002
6.520000e-001	9.065397e-001	5.492973e-002	1.297883e-001	-7.500052e-002	8.776011e-002	-7.500040e-002
6.530000e-001	9.065325e-001	5.488717e-002	1.297521e-001	-7.530326e-002	8.817341e-002	-7.530314e-002
6.540000e-001	9.065252e-001	5.484312e-002	1.297163e-001	-7.560303e-002	8.858321e-002	-7.560292e-002
6.550000e-001	9.065178e-001	5.479761e-002	1.296808e-001	-7.589984e-002	8.898948e-002	-7.589973e-002
6.560000e-001	9.065105e-001	5.475062e-002	1.296457e-001	-7.619368e-002	8.939219e-002	-7.619357e-002
6.570000e-001	9.065030e-001	5.470217e-002	1.296109e-001	-7.648454e-002	8.979134e-002	-7.648443e-002
6.580000e-001	9.064956e-001	5.465227e-002	1.295764e-001	-7.677242e-002	9.018689e-002	-7.677231e-002
6.590000e-001	9.064881e-001	5.460093e-002	1.295422e-001	-7.705731e-002	9.057883e-002	-7.705721e-002
6.600000e-001	9.064805e-001	5.454814e-002	1.295084e-001	-7.733920e-002	9.096714e-002	-7.733911e-002
6.610000e-001	9.064729e-001	5.449393e-002	1.294749e-001	-7.761811e-002	9.135179e-002	-7.761801e-002
6.620000e-001	9.064653e-001	5.443830e-002	1.294417e-001	-7.789401e-002	9.173276e-002	-7.789392e-002
6.630000e-001	9.064576e-001	5.438126e-002	1.294089e-001	-7.816690e-002	9.211004e-002	-7.816682e-002
6.640000e-001	9.064499e-001	5.432282e-002	1.293764e-001	-7.843679e-002	9.248361e-002	-7.843671e-002
6.650000e-001	9.064422e-001	5.426298e-002	1.293443e-001	-7.870367e-002	9.285343e-002	-7.870358e-002
6.660000e-001	9.064344e-001	5.420176e-002	1.293124e-001	-7.896752e-002	9.321951e-002	-7.896744e-002
6.670000e-001	9.064265e-001	5.413916e-002	1.292810e-001	-7.922836e-002	9.358180e-002	-7.922828e-002
6.680000e-001	9.064186e-001	5.407520e-002	1.292498e-001	-7.948617e-002	9.394031e-002	-7.948609e-002
6.690000e-001	9.064107e-001	5.400989e-002	1.292191e-001	-7.974095e-002	9.429500e-002	-7.974087e-002
6.700000e-001	9.064027e-001	5.394323e-002	1.291886e-001	-7.999269e-002	9.464585e-002	-7.999262e-002
6.710000e-001	9.063947e-001	5.387524e-002	1.291585e-001	-8.024140e-002	9.499286e-002	-8.024133e-002
6.720000e-001	9.063866e-001	5.380593e-002	1.291288e-001	-8.048707e-002	9.533600e-002	-8.048700e-002
6.730000e-001	9.063785e-001	5.373530e-002	1.290994e-001	-8.072969e-002	9.567525e-002	-8.072963e-002
6.740000e-001	9.063704e-001	5.366338e-002	1.290703e-001	-8.096927e-002	9.601059e-002	-8.096921e-002
6.750000e-001	9.063622e-001	5.359016e-002	1.290416e-001	-8.120579e-002	9.634201e-002	-8.120573e-002
6.760000e-001	9.063540e-001	5.351567e-002	1.290133e-001	-8.143926e-002	9.666948e-002	-8.143920e-002
6.770000e-001	9.063457e-001	5.343992e-002	1.289853e-001	-8.166967e-002	9.699300e-002	-8.166961e-002
6.780000e-001	9.063374e-001	5.336291e-002	1.289576e-001	-8.189702e-002	9.731254e-002	-8.189696e-002
6.790000e-001	9.063290e-001	5.328466e-002	1.289304e-001	-8.212130e-002	9.762809e-002	-8.212125e-002
6.800000e-001	9.063206e-001	5.320517e-002	1.289034e-001	-8.234251e-002	9.793963e-002	-8.234246e-002
6.810000e-001	9.063122e-001	5.312448e-002	1.288768e-001	-8.256066e-002	9.824714e-002	-8.256061e-002
6.820000e-001	9.063037e-001	5.304258e-002	1.288506e-001	-8.277572e-002	9.855061e-002	-8.277568e-002
6.830000e-001	9.062952e-001	5.295948e-002	1.288248e-001	-8.298771e-002	9.885002e-002	-8.298767e-002
6.840000e-001	9.062866e-001	5.287521e-002	1.287993e-001	-8.319662e-002	9.914535e-002	-8.319658e-002
6.850000e-001	9.062780e-001	5.278978e-002	1.287742e-001	-8.340245e-002	9.943659e-002	-8.340241e-002
6.860000e-001	9.062694e-001	5.270319e-002	1.287494e-001	-8.360519e-002	9.972372e-002	-8.360515e-002
6.870000e-001	9.062607e-001	5.261547e-002	1.287250e-001	-8.380484e-002	1.000067e-001	-8.380480e-002
6.880000e-001	9.062520e-001	5.252662e-002	1.287009e-001	-8.400140e-002	1.002856e-001	-8.400136e-002
6.890000e-001	9.062432e-001	5.243667e-002	1.286772e-001	-8.419486e-002	1.005603e-001	-8.419483e-002
6.900000e-001	9.062344e-001	5.234562e-002	1.286539e-001	-8.438523e-002	1.008309e-001	-8.438520e-002
6.910000e-001	9.062255e-001	5.225349e-002	1.286310e-001	-8.457250e-002	1.010972e-001	-8.457246e-002
6.920000e-001	9.062167e-001	5.216029e-002	1.286084e-001	-8.475666e-002	1.013594e-001	-8.475663e-002
6.930000e-001	9.062077e-001	5.206604e-002	1.285862e-001	-8.493772e-002	1.016174e-001	-8.493769e-002
6.940000e-001	9.061987e-001	5.197075e-002	1.285644e-001	-8.511568e-002	1.018711e-001	-8.511565e-002
6.950000e-001	9.061897e-001	5.187444e-002	1.285429e-001	-8.529052e-002	1.021206e-001	-8.529049e-002
6.960000e-001	9.061807e-001	5.177713e-002	1.285218e-001	-8.546225e-002	1.023659e-001	-8.546223e-002
6.970000e-001	9.061716e-001	5.167882e-002	1.285011e-001	-8.563087e-002	1.026069e-001	-8.563085e-002
6.980000e-001	9.061625e-001	5.157954e-002	1.284807e-001	-8.579638e-002	1.028436e-001	-8.579635e-002
6.990000e-001	9.061533e-001	5.147930e-002	1.284607e-001	-8.595876e-002	1.030760e-001	-8.595874e-002
7.000000e-001	9.061441e-001	5.137811e-002	1.284411e-001	-8.611803e-002	1.033041e-001	-8.611800e-002
7.010000e-001	9.061348e-001	5.127600e-002	1.284219e-001	-8.627417e-002	1.035279e-001	-8.627415e-002
7.020000e-001	9.061255e-001	5.117298e-002	1.284031e-001	-8.642719e-002	1.037474e-001	-8.642717e-002
7.030000e-001	9.061162e-001	5.106905e-002	1.283846e-001	-8.657708e-002	1.039625e-001	-8.657706e-002
7.040000e-001	9.061068e-001	5.096425e-002	1.283665e-001	-8.672384e-002	1.041733e-001	-8.672382e-002
7.050000e-001	9.060974e-001	5.085859e-002	1.283488e-001	-8.686748e-002	1.043797e-001	-8.686746e-002
7.060000e-001	9.060880e-001	5.075208e-002	1.283314e-001	-8.700798e-002	1.045818e-001	-8.700796e-002
7.070000e-001	9.060785e-001	5.064474e-002	1.283145e-001	-8.714535e-002	1.047794e-001	-8.714533e-002
7.080000e-001	9.060689e-001	5.053659e-002	1.282979e-001	-8.727958e-002	1.049727e-001	-8.727956e-002
7.090000e-001	9.060594e-001	5.042765e-002	1.282817e-001	-8.741068e-002	1.051616e-001	-8.741066e-002
7.100000e-001	9.060498e-001	5.031792e-002	1.282659e-001	-8.753864e-002	1.053460e-001	-8.753862e-002
7.110000e-001	9.060401e-001	5.020744e-002	1.282505e-001	-8.766346e-002	1.055261e-001	-8.766344e-002
7.120000e-001	9.060304e-001	5.009621e-002	1.282354e-001	-8.778514e-002	1.057017e-001	-8.778512e-002
7.130000e-001	9.060207e-001	4.998426e-002	1.282207e-001	-8.790367e-002	1.058728e-001	-8.790365e-002
7.140000e-001	9.060109e-001	4.987160e-002	1.282065e-001	-8.801906e-002	1.060395e-001	-8.801904e-002
7.150000e-001	9.060011e-001	4.975825e-002	1.281926e-001	-8.813131e-002	1.062018e-001	-8.813129e-002
7.160000e-001	9.059913e-001	4.964422e-002	1.281790e-001	-8.824041e-002	1.063595e-001	-8.824039e-002
7.170000e-001	9.059814e-001	4.952954e-002	1.281659e-001	-8.834636e-002	1.065128e-001	-8.834634e-002
7.180000e-001	9.059715e-001	4.941423e-002	1.281532e-001	-8.844916e-002	1.066616e-001	-8.844914e-002
7.190000e-001	9.059616e-001	4.929830e-002	1.281408e-001	-8.854880e-002	1.068059e-001	-8.854878e-002
7.200000e-001	9.059516e-001	4.918177e-002	1.281289e-001	-8.864530e-002	1.069457e-001	-8.864528e-002
7.210000e-001	9.059415e-001	4.906465e-002	1.281173e-001	-8.873865e-002	1.070810e-001	-8.873862e-002
7.220000e-001	9.059315e-001	4.894698e-002	1.281061e-001	-8.882883e-002	1.072118e-001	-8.882881e-002
7.230000e-001	9.059214e-001	4.882876e-002	1.280953e-001	-8.891587e-002	1.073380e-001	-8.891585e-002
7.240000e-001	9.059112e-001	4.871001e-002	1.280849e-001	-8.899975e-002	1.074598e-001	-8.899973e-002
7.250000e-001	9.059010e-001	4.859076e-002	1.280748e-001	-8.908047e-002	1.075769e-001	-8.908045e-002
7.260000e-001	9.058908e-001	4.847102e-002	1.280652e-001	-8.915803e-002	1.076896e-001	-8.915801e-002
7.270000e-001	9.058806e-001	4.835081e-002	1.280560e-001	-8.923244e-002	1.077976e-001	-8.923241e-002
7.280000e-001	9.058703e-001	4.823015e-002	1.280471e-001	-8.930368e-002	1.079012e-001	-8.930365e-002
7.290000e-001	9.058599e-001	4.810906e-002	1.280387e-001	-8.937176e-002	1.080001e-001	-8.937174e-002
7.300000e-001	9.058496e-001	4.798756e-002	1.280306e-001	-8.943668e-002	1.080945e-001	-8.943666e-002
7.310000e-001	9.058392e-001	4.786566e-002	1.280229e-001	-8.949844e-002	1.081844e-001	-8.949842e-002
7.320000e-001	9.058287e-001	4.774340e-002	1.280156e-001	-8.955704e-002	1.082696e-001	-8.955701e-002
7.330000e-001	9.058182e-001	4.762077e-002	1.280087e-001	-8.961247e-002	1.083503e-001	-8.961244e-002
7.340000e-001	9.058077e-001	4.749782e-002	1.280022e-001	-8.966474e-002	1.084264e-001	-8.966471e-002
7.350000e-001	9.057972e-001	4.737454e-002	1.279961e-001	-8.971384e-002	1.084978e-001	-8.971381e-002
7.360000e-001	9.057866e-001	4.725098e-002	1.279904e-001	-8.975978e-002	1.085647e-001	-8.975975e-002
7.370000e-001	9.057760e-001	4.712713e-002	1.279851e-001	-8.980255e-002	1.086270e-001	-8.980252e-002
7.380000e-001	9.057653e-001	4.700303e-002	1.279801e-001	-8.984216e-002	1.086847e-001	-8.984212e-002
7.390000e-001	9.057546e-001	4.687869e-002	1.279756e-001	-8.987860e-002	1.087378e-001	-8.987856e-002
7.400000e-001	9.057439e-001	4.675414e-002	1.279715e-001	-8.991187e-002	1.087863e-001	-8.991183e-002
7.410000e-001	9.057331e-001	4.662938e-002	1.279677e-001	-8.994197e-002	1.088302e-001	-8.994193e-002
7.420000e-001	9.057223e-001	4.650445e-002	1.279644e-001	-8.996891e-002	1.088694e-001	-8.996887e-002
7.430000e-001	9.057114e-001	4.637936e-002	1.279614e-001	-8.999268e-002	1.089041e-001	-8.999263e-002
7.440000e-001	9.057006e-001	4.625413e-002	1.279588e-001	-9.001328e-002	1.089341e-001	-9.001323e-002
7.450000e-001	9.056897e-001	4.612878e-002	1.279567e-001	-9.003071e-002	1.089595e-001	-9.003066e-002
7.460000e-001	9.056787e-001	4.600333e-002	1.279549e-001	-9.004497e-002	1.089803e-001	-9.004492e-002
7.470000e-001	9.056677e-001	4.587781e-002	1.279535e-001	-9.005606e-002	1.089965e-001	-9.005601e-002
7.480000e-001	9.056567e-001	4.575222e-002	1.279525e-001	-9.006398e-002	1.090081e-001	-9.006393e-002
7.490000e-001	9.056456e-001	4.562659e-002	1.279519e-001	-9.006873e-002	1.090150e-001	-9.006868e-002
7.500000e-001	9.056346e-001	4.550095e-002	1.279517e-001	-9.007032e-002	1.090173e-001	-9.007027e-002
7.510000e-001	9.056234e-001	4.537530e-002	1.279519e-001	-9.006873e-002	1.090150e-001	-9.006868e-002
7.520000e-001	9.056123e-001	4.524968e-002	1.279525e-001	-9.006398e-002	1.090080e-001	-9.006392e-002
7.530000e-001	9.056011e-001	4.512409e-002	1.279535e-001	-9.005605e-002	1.089965e-001	-9.005600e-002
7.540000e-001	9.055899e-001	4.499856e-002	1.279549e-001	-9.004496e-002	1.089803e-001	-9.004490e-002
7.550000e-001	9.055786e-001	4.487312e-002	1.279567e-001	-9.003070e-002	1.089595e-001	-9.003064e-002
7.560000e-001	9.055673e-001	4.474777e-002	1.279588e-001	-9.001327e-002	1.089341e-001	-9.001320e-002
7.570000e-001	9.055560e-001	4.462254e-002	1.279614e-001	-8.999267e-002	1.089041e-001	-8.999260e-002
7.580000e-001	9.055446e-001	4.449745e-002	1.279644e-001	-8.996890e-002	1.088694e-001	-8.996883e-002
7.590000e-001	9.055332e-001	4.437252e-002	1.279677e-001	-8.994196e-002	1.088301e-001	-8.994189e-002
7.600000e-001	9.055218e-001	4.424776e-002	1.279715e-001	-8.991185e-002	1.087863e-001	-8.991178e-002
7.610000e-001	9.055103e-001	4.412321e-002	1.279756e-001	-8.987858e-002	1.087378e-001	-8.987851e-002
7.620000e-001	9.054988e-001	4.399887e-002	1.279801e-001	-8.984214e-002	1.086847e-001	-8.984207e-002
7.630000e-001	9.054873e-001	4.387477e-002	1.279851e-001	-8.980253e-002	1.086270e-001	-8.980246e-002
7.640000e-001	9.054757e-001	4.375092e-002	1.279904e-001	-8.975976e-002	1.085647e-001	-8.975968e-002
7.650000e-001	9.054641e-001	4.362735e-002	1.279961e-001	-8.971382e-002	1.084978e-001	-8.971374e-002
7.660000e-001	9.054525e-001	4.350408e-002	1.280022e-001	-8.966472e-002	1.084263e-001	-8.966464e-002
7.670000e-001	9.054408e-001	4.338112e-002	1.280087e-001	-8.961245e-002	1.083502e-001	-8.961236e-002
7.680000e-001	9.054291e-001	4.325850e-002	1.280156e-001	-8.955701e-002	1.082695e-001	-8.955693e-002
7.690000e-001	9.054174e-001	4.313623e-002	1.280229e-001	-8.949841e-002	1.081843e-001	-8.949833e-002
7.700000e-001	9.054056e-001	4.301434e-002	1.280306e-001	-8.943665e-002	1.080945e-001	-8.943656e-002
7.710000e-001	9.053938e-001	4.289284e-002	1.280387e-001	-8.937173e-002	1.080001e-001	-8.937164e-002
7.720000e-001	9.053820e-001	4.277174e-002	1.280471e-001	-8.930364e-002	1.079011e-001	-8.930355e-002
7.730000e-001	9.053701e-001	4.265109e-002	1.280560e-001	-8.923240e-002	1.077976e-001	-8.923231e-002
7.740000e-001	9.053582e-001	4.253088e-002	1.280652e-001	-8.915799e-002	1.076895e-001	-8.915790e-002
7.750000e-001	9.053463e-001	4.241114e-002	1.280749e-001	-8.908043e-002	1.075768e-001	-8.908033e-002
7.760000e-001	9.053343e-001	4.229188e-002	1.280849e-001	-8.899971e-002	1.074596e-001	-8.899961e-002
7.770000e-001	9.053223e-001	4.217314e-002	1.280953e-001	-8.891583e-002	1.073379e-001	-8.891573e-002
7.780000e-001	9.053103e-001	4.205492e-002	1.281061e-001	-8.882879e-002	1.072117e-001	-8.882869e-002
7.790000e-001	9.052983e-001	4.193724e-002	1.281173e-001	-8.873860e-002	1.070809e-001	-8.873849e-002
7.800000e-001	9.052862e-001	4.182013e-002	1.281289e-001	-8.864525e-002	1.069456e-001	-8.864515e-002
7.810000e-001	9.052741e-001	4.170360e-002	1.281408e-001	-8.854875e-002	1.068058e-001	-8.854865e-002
7.820000e-001	9.052619e-001	4.158766e-002	1.281532e-001	-8.844910e-002	1.066615e-001	-8.844899e-002
7.830000e-001	9.052497e-001	4.147235e-002	1.281659e-001	-8.834630e-002	1.065127e-001	-8.834619e-002
7.840000e-001	9.052375e-001	4.135767e-002	1.281791e-001	-8.824035e-002	1.063594e-001	-8.824024e-002
7.850000e-001	9.052253e-001	4.124365e-002	1.281926e-001	-8.813125e-002	1.062016e-001	-8.813113e-002
7.860000e-001	9.052130e-001	4.113030e-002	1.282065e-001	-8.801900e-002	1.060394e-001	-8.801889e-002
7.870000e-001	9.052007e-001	4.101763e-002	1.282207e-001	-8.790361e-002	1.058727e-001	-8.790349e-002
7.880000e-001	9.051884e-001	4.090568e-002	1.282354e-001	-8.778507e-002	1.057015e-001	-8.778495e-002
7.890000e-001	9.051760e-001	4.079445e-002	1.282505e-001	-8.766339e-002	1.055259e-001	-8.766327e-002
7.900000e-001	9.051636e-001	4.068397e-002	1.282659e-001	-8.753857e-002	1.053459e-001	-8.753845e-002
7.910000e-001	9.051512e-001	4.057424e-002	1.282817e-001	-8.741061e-002	1.051614e-001	-8.741048e-002
7.920000e-001	9.051387e-001	4.046530e-002	1.282979e-001	-8.727951e-002	1.049725e-001	-8.727938e-002
7.930000e-001	9.051262e-001	4.035715e-002	1.283145e-001	-8.714528e-002	1.047793e-001	-8.714515e-002
7.940000e-001	9.051137e-001	4.024981e-002	1.283315e-001	-8.700791e-002	1.045816e-001	-8.700777e-002
7.950000e-001	9.051012e-001	4.014330e-002	1.283488e-001	-8.686740e-002	1.043795e-001	-8.686727e-002
7.960000e-001	9.050886e-001	4.003764e-002	1.283665e-001	-8.672376e-002	1.041731e-001	-8.672363e-002
7.970000e-001	9.050760e-001	3.993284e-002	1.283846e-001	-8.657700e-002	1.039623e-001	-8.657686e-002
7.980000e-001	9.050634e-001	3.982891e-002	1.284031e-001	-8.642710e-002	1.037472e-001	-8.642696e-002
7.990000e-001	9.050507e-001	3.972589e-002	1.284219e-001	-8.627408e-002	1.035277e-001	-8.627394e-002
8.000000e-001	9.050380e-001	3.962377e-002	1.284412e-001	-8.611794e-002	1.033039e-001	-8.611779e-002
8.010000e-001	9.050253e-001	3.952259e-002	1.284608e-001	-8.595867e-002	1.030758e-001	-8.595853e-002
8.020000e-001	9.050125e-001	3.942235e-002	1.284807e-001	-8.579628e-002	1.028434e-001	-8.579614e-002
8.030000e-001	9.049998e-001	3.932307e-002	1.285011e-001	-8.563078e-002	1.026066e-001	-8.563063e-002
8.040000e-001	9.049869e-001	3.922476e-002	1.285218e-001	-8.546216e-002	1.023657e-001	-8.546201e-002
8.050000e-001	9.049741e-001	3.912744e-002	1.285429e-001	-8.529042e-002	1.021204e-001	-8.529027e-002
8.060000e-001	9.049612e-001	3.903114e-002	1.285644e-001	-8.511557e-002	1.018709e-001	-8.511542e-002
8.070000e-001	9.049483e-001	3.893585e-002	1.285862e-001	-8.493762e-002	1.016172e-001	-8.493746e-002
8.080000e-001	9.049354e-001	3.884160e-002	1.286084e-001	-8.475656e-002	1.013592e-001	-8.475640e-002
8.090000e-001	9.049225e-001	3.874840e-002	1.286310e-001	-8.457239e-002	1.010970e-001	-8.457223e-002
8.100000e-001	9.049095e-001	3.865627e-002	1.286540e-001	-8.438512e-002	1.008306e-001	-8.438496e-002
8.110000e-001	9.048965e-001	3.856522e-002	1.286773e-001	-8.419475e-002	1.005601e-001	-8.419458e-002
8.120000e-001	9.048835e-001	3.847526e-002	1.287009e-001	-8.400128e-002	1.002854e-001	-8.400112e-002
8.130000e-001	9.048704e-001	3.838641e-002	1.287250e-001	-8.380472e-002	1.000065e-001	-8.380455e-002
8.140000e-001	9.048573e-001	3.829869e-002	1.287494e-001	-8.360507e-002	9.972348e-002	-8.360490e-002
8.150000e-001	9.048442e-001	3.821210e-002	1.287742e-001	-8.340232e-002	9.943634e-002	-8.340215e-002
8.160000e-001	9.048311e-001	3.812667e-002	1.287993e-001	-8.319649e-002	9.914510e-002	-8.319632e-002
8.170000e-001	9.048179e-001	3.804240e-002	1.288248e-001	-8.298758e-002	9.884977e-002	-8.298741e-002
8.180000e-001	9.048047e-001	3.795931e-002	1.288507e-001	-8.277559e-002	9.855036e-002	-8.277542e-002
8.190000e-001	9.047915e-001	3.787740e-002	1.288769e-001	-8.256052e-002	9.824689e-002	-8.256034e-002
8.200000e-001	9.047782e-001	3.779671e-002	1.289034e-001	-8.234237e-002	9.793937e-002	-8.234220e-002
8.210000e-001	9.047650e-001	3.771723e-002	1.289304e-001	-8.212116e-002	9.762783e-002	-8.212098e-002
8.220000e-001	9.047516e-001	3.763897e-002	1.289577e-001	-8.189687e-002	9.731228e-002	-8.189669e-002
8.230000e-001	9.047383e-001	3.756196e-002	1.289853e-001	-8.166952e-002	9.699274e-002	-8.166934e-002
8.240000e-001	9.047250e-001	3.748621e-002	1.290133e-001	-8.143911e-002	9.666922e-002	-8.143893e-002
8.250000e-001	9.047116e-001	3.741171e-002	1.290416e-001	-8.120564e-002	9.634174e-002	-8.120546e-002
8.260000e-001	9.046982e-001	3.733850e-002	1.290703e-001	-8.096911e-002	9.601032e-002	-8.096893e-002
8.270000e-001	9.046848e-001	3.726657e-002	1.290994e-001	-8.072953e-002	9.567497e-002	-8.072935e-002
8.280000e-001	9.046713e-001	3.719595e-002	1.291288e-001	-8.048691e-002	9.533572e-002	-8.048672e-002
8.290000e-001	9.046578e-001	3.712664e-002	1.291585e-001	-8.024124e-002	9.499258e-002	-8.024105e-002
8.300000e-001	9.046443e-001	3.705865e-002	1.291886e-001	-7.999252e-002	9.464558e-002	-7.999233e-002
8.310000e-001	9.046308e-001	3.699199e-002	1.292191e-001	-7.974077e-002	9.429472e-002	-7.974058e-002
8.320000e-001	9.046172e-001	3.692667e-002	1.292499e-001	-7.948599e-002	9.394002e-002	-7.948580e-002
8.330000e-001	9.046036e-001	3.686271e-002	1.292810e-001	-7.922818e-002	9.358152e-002	-7.922799e-002
8.340000e-001	9.045900e-001	3.680012e-002	1.293125e-001	-7.896734e-002	9.321922e-002	-7.896715e-002
8.350000e-001	9.045764e-001	3.673890e-002	1.293443e-001	-7.870348e-002	9.285315e-002	-7.870329e-002
8.360000e-001	9.045627e-001	3.667906e-002	1.293764e-001	-7.843660e-002	9.248332e-002	-7.843641e-002
8.370000e-001	9.045491e-001	3.662061e-002	1.294089e-001	-7.816671e-002	9.210975e-002	-7.816652e-002
8.380000e-001	9.045354e-001	3.656357e-002	1.294418e-001	-7.789381e-002	9.173247e-002	-7.789361e-002
8.390000e-001	9.045216e-001	3.650794e-002	1.294749e-001	-7.761791e-002	9.135149e-002	-7.761771e-002
8.400000e-001	9.045079e-001	3.645373e-002	1.295084e-001	-7.733900e-002	9.096684e-002	-7.733880e-002
8.410000e-001	9.044941e-001	3.640094e-002	1.295423e-001	-7.705710e-002	9.057854e-002	-7.705690e-002
8.420000e-001	9.044803e-001	3.634960e-002	1.295764e-001	-7.677220e-002	9.018659e-002	-7.677200e-002
8.430000e-001	9.044665e-001	3.629970e-002	1.296109e-001	-7.648432e-002	8.979104e-002	-7.648412e-002
8.440000e-001	9.044526e-001	3.625125e-002	1.296457e-001	-7.619346e-002	8.939189e-002	-7.619326e-002
8.450000e-001	9.044388e-001	3.620426e-002	1.296809e-001	-7.589962e-002	8.898917e-002	-7.589942e-002
8.460000e-001	9.044249e-001	3.615874e-002	1.297164e-001	-7.560281e-002	8.858290e-002	-7.560260e-002
8.470000e-001	9.044109e-001	3.611470e-002	1.297522e-001	-7.530302e-002	8.817311e-002	-7.530282e-002
8.480000e-001	9.043970e-001	3.607214e-002	1.297883e-001	-7.500028e-002	8.775980e-002	-7.500008e-002
8.490000e-001	9.043830e-001	3.603106e-002	1.298248e-001	-7.469458e-002	8.734302e-002	-7.469437e-002
8.500000e-001	9.043691e-001	3.599149e-002	1.298615e-001	-7.438593e-002	8.692277e-002	-7.438572e-002
8.510000e-001	9.043551e-001	3.595341e-002	1.298986e-001	-7.407432e-002	8.649908e-002	-7.407412e-002
8.520000e-001	9.043410e-001	3.591684e-002	1.299360e-001	-7.375978e-002	8.607197e-002	-7.375957e-002
8.530000e-001	9.043270e-001	3.588179e-002	1.299737e-001	-7.344230e-002	8.564146e-002	-7.344209e-002
8.540000e-001	9.043129e-001	3.584825e-002	1.300118e-001	-7.312189e-002	8.520759e-002	-7.312168e-002
8.550000e-001	9.042988e-001	3.581624e-002	1.300501e-001	-7.279855e-002	8.477036e-002	-7.279835e-002
8.560000e-001	9.042847e-001	3.578576e-002	1.300888e-001	-7.247230e-002	8.432981e-002	-7.247209e-002
8.570000e-001	9.042706e-001	3.575681e-002	1.301278e-001	-7.214313e-002	8.388595e-002	-7.214292e-002
8.580000e-001	9.042564e-001	3.572940e-002	1.301671e-001	-7.181105e-002	8.343882e-002	-7.181084e-002
8.590000e-001	9.042422e-001	3.570354e-002	1.302067e-001	-7.147607e-002	8.298843e-002	-7.147586e-002
8.600000e-001	9.042280e-001	3.567922e-002	1.302465e-001	-7.113820e-002	8.253481e-002	-7.113798e-002
8.610000e-001	9.042138e-001	3.565645e-002	1.302868e-001	-7.079743e-002	8.207798e-002	-7.079722e-002
8.620000e-001	9.041995e-001	3.563524e-002	1.303273e-001	-7.045378e-002	8.161796e-002	-7.045357e-002
8.630000e-001	9.041853e-001	3.561558e-002	1.303681e-001	-7.010725e-002	8.115478e-002	-7.010704e-002
8.640000e-001	9.041710e-001	3.559749e-002	1.304092e-001	-6.975786e-002	8.068847e-002	-6.975764e-002
8.650000e-001	9.041567e-001	3.558096e-002	1.304506e-001	-6.940559e-002	8.021905e-002	-6.940538e-002
8.660000e-001	9.041424e-001	3.556600e-002	1.304923e-001	-6.905048e-002	7.974654e-002	-6.905026e-002
8.670000e-001	9.041280e-001	3.555260e-002	1.305343e-001	-6.869250e-002	7.927097e-002	-6.869229e-002
8.680000e-001	9.041137e-001	3.554078e-002	1.305765e-001	-6.833169e-002	7.879237e-002	-6.833148e-002
8.690000e-001	9.040993e-001	3.553052e-002	1.306191e-001	-6.796804e-002	7.831075e-002	-6.796783e-002
8.700000e-001	9.040849e-001	3.552185e-002	1.306620e-001	-6.760156e-002	7.782614e-002	-6.760134e-002
8.710000e-001	9.040704e-001	3.551475e-002	1.307051e-001	-6.723225e-002	7.733858e-002	-6.723204e-002
8.720000e-001	9.040560e-001	3.550922e-002	1.307486e-001	-6.686013e-002	7.684808e-002	-6.685992e-002
8.730000e-001	9.040415e-001	3.550528e-002	1.307923e-001	-6.648520e-002	7.635467e-002	-6.648499e-002
8.740000e-001	9.040270e-001	3.550291e-002	1.308363e-001	-6.610747e-002	7.585838e-002	-6.610726e-002
8.750000e-001	9.040125e-001	3.550212e-002	1.308806e-001	-6.572695e-002	7.535923e-002	-6.572673e-002
8.760000e-001	9.039980e-001	3.550291e-002	1.309252e-001	-6.534364e-002	7.485725e-002	-6.534342e-002
8.770000e-001	9.039835e-001	3.550528e-002	1.309700e-001	-6.495755e-002	7.435246e-002	-6.495733e-002
8.780000e-001	9.039689e-001	3.550923e-002	1.310151e-001	-6.456869e-002	7.384489e-002	-6.456848e-002
8.790000e-001	9.039543e-001	3.551475e-002	1.310605e-001	-6.417707e-002	7.333457e-002	-6.417686e-002
8.800000e-001	9.039397e-001	3.552185e-002	1.311062e-001	-6.378269e-002	7.282153e-002	-6.378248e-002
8.810000e-001	9.039251e-001	3.553053e-002	1.311521e-001	-6.338557e-002	7.230578e-002	-6.338536e-002
8.820000e-001	9.039105e-001	3.554078e-002	1.311983e-001	-6.298571e-002	7.178737e-002	-6.298550e-002
8.830000e-001	9.038958e-001	3.555261e-002	1.312448e-001	-6.258312e-002	7.126631e-002	-6.258291e-002
8.840000e-001	9.038812e-001	3.556601e-002	1.312915e-001	-6.217781e-002	7.074263e-002	-6.217760e-002
8.850000e-001	9.038665e-001	3.558097e-002	1.313385e-001	-6.176979e-002	7.021636e-002	-6.176958e-002
8.860000e-001	9.038518e-001	3.559750e-002	1.313858e-001	-6.135907e-002	6.968752e-002	-6.135886e-002
8.870000e-001	9.038371e-001	3.561560e-002	1.314333e-001	-6.094565e-002	6.915615e-002	-6.094544e-002
8.880000e-001	9.038223e-001	3.563526e-002	1.314811e-001	-6.052954e-002	6.862227e-002	-6.052933e-002
8.890000e-001	9.038076e-001	3.565647e-002	1.315291e-001	-6.011076e-002	6.808591e-002	-6.011055e-002
8.900000e-001	9.037928e-001	3.567924e-002	1.315774e-001	-5.968931e-002	6.754710e-002	-5.968910e-002
8.910000e-001	9.037780e-001	3.570356e-002	1.316259e-001	-5.926521e-002	6.700586e-002	-5.926500e-002
8.920000e-001	9.037632e-001	3.572943e-002	1.316747e-001	-5.883845e-002	6.646222e-002	-5.883824e-002
8.930000e-001	9.037484e-001	3.575684e-002	1.317238e-001	-5.840906e-002	6.591621e-002	-5.840885e-002
8.940000e-001	9.037336e-001	3.578578e-002	1.317730e-001	-5.797703e-002	6.536787e-002	-5.797682e-002
8.950000e-001	9.037187e-001	3.581627e-002	1.318226e-001	-5.754239e-002	6.481720e-002	-5.754218e-002
8.960000e-001	9.037038e-001	3.584828e-002	1.318723e-001	-5.710514e-002	6.426426e-002	-5.710493e-002
8.970000e-001	9.036890e-001	3.588182e-002	1.319223e-001	-5.666528e-002	6.370906e-002	-5.666508e-002
8.980000e-001	9.036741e-001	3.591687e-002	1.319726e-001	-5.622284e-002	6.315163e-002	-5.622264e-002
8.990000e-001	9.036591e-001	3.595344e-002	1.320231e-001	-5.577782e-002	6.259200e-002	-5.577762e-002
9.000000e-001	9.036442e-001	3.599152e-002	1.320738e-001	-5.533023e-002	6.203020e-002	-5.533003e-002
9.010000e-001	9.036293e-001	3.603110e-002	1.321247e-001	-5.488009e-002	6.146626e-002	-5.487988e-002
9.020000e-001	9.036143e-001	3.607217e-002	1.321759e-001	-5.442739e-002	6.090021e-002	-5.442719e-002
9.030000e-001	9.035993e-001	3.611473e-002	1.322273e-001	-5.397216e-002	6.033207e-002	-5.397196e-002
9.040000e-001	9.035843e-001	3.615878e-002	1.322789e-001	-5.351441e-002	5.976188e-002	-5.351421e-002
9.050000e-001	9.035693e-001	3.620430e-002	1.323308e-001	-5.305414e-002	5.918966e-002	-5.305394e-002
9.060000e-001	9.035543e-001	3.625129e-002	1.323829e-001	-5.259136e-002	5.861544e-002	-5.259116e-002
9.070000e-001	9.035393e-001	3.629974e-002	1.324352e-001	-5.212610e-002	5.803926e-002	-5.212590e-002
9.080000e-001	9.035242e-001	3.634964e-002	1.324877e-001	-5.165835e-002	5.746114e-002	-5.165815e-002
9.090000e-001	9.035092e-001	3.640099e-002	1.325404e-001	-5.118814e-002	5.688112e-002	-5.118794e-002
9.100000e-001	9.034941e-001	3.645377e-002	1.325934e-001	-5.071547e-002	5.629921e-002	-5.071527e-002
9.110000e-001	9.034790e-001	3.650798e-002	1.326465e-001	-5.024035e-002	5.571545e-002	-5.024015e-002
9.120000e-001	9.034639e-001	3.656362e-002	1.326999e-001	-4.976280e-002	5.512987e-002	-4.976260e-002
9.130000e-001	9.034488e-001	3.662066e-002	1.327534e-001	-4.928283e-002	5.454251e-002	-4.928263e-002
9.140000e-001	9.034336e-001	3.667911e-002	1.328072e-001	-4.880045e-002	5.395338e-002	-4.880025e-002
9.150000e-001	9.034185e-001	3.673895e-002	1.328612e-001	-4.831567e-002	5.336252e-002	-4.831548e-002
9.160000e-001	9.034033e-001	3.680017e-002	1.329154e-001	-4.782851e-002	5.276996e-002	-4.782832e-002
9.170000e-001	9.033882e-001	3.686277e-002	1.329698e-001	-4.733898e-002	5.217573e-002	-4.733879e-002
9.180000e-001	9.033730e-001	3.692673e-002	1.330243e-001	-4.684709e-002	5.157985e-002	-4.684690e-002
9.190000e-001	9.033578e-001	3.699205e-002	1.330791e-001	-4.635285e-002	5.098237e-002	-4.635266e-002
9.200000e-001	9.033426e-001	3.705871e-002	1.331341e-001	-4.585628e-002	5.038330e-002	-4.585610e-002
9.210000e-001	9.033274e-001	3.712670e-002	1.331892e-001	-4.535740e-002	4.978269e-002	-4.535721e-002
9.220000e-001	9.033121e-001	3.719601e-002	1.332446e-001	-4.485620e-002	4.918055e-002	-4.485602e-002
9.230000e-001	9.032969e-001	3.726664e-002	1.333001e-001	-4.435272e-002	4.857691e-002	-4.435253e-002
9.240000e-001	9.032816e-001	3.733856e-002	1.333558e-001	-4.384696e-002	4.797182e-002	-4.384677e-002
9.250000e-001	9.032664e-001	3.741178e-002	1.334117e-001	-4.333893e-002	4.736530e-002	-4.333874e-002
9.260000e-001	9.032511e-001	3.748627e-002	1.334678e-001	-4.282865e-002	4.675737e-002	-4.282846e-002
9.270000e-001	9.032358e-001	3.756203e-002	1.335240e-001	-4.231613e-002	4.614808e-002	-4.231595e-002
9.280000e-001	9.032205e-001	3.763904e-002	1.335804e-001	-4.180139e-002	4.553744e-002	-4.180121e-002
9.290000e-001	9.032052e-001	3.771730e-002	1.336370e-001	-4.128444e-002	4.492549e-002	-4.128426e-002
9.300000e-001	9.031898e-001	3.779678e-002	1.336938e-001	-4.076530e-002	4.431227e-002	-4.076512e-002
9.310000e-001	9.031745e-001	3.787748e-002	1.337507e-001	-4.024398e-002	4.369779e-002	-4.024380e-002
9.320000e-001	9.031592e-001	3.795938e-002	1.338078e-001	-3.972050e-002	4.308210e-002	-3.972032e-002
9.330000e-001	9.031438e-001	3.804248e-002	1.338651e-001	-3.919486e-002	4.246521e-002	-3.919468e-002
9.340000e-001	9.031284e-001	3.812675e-002	1.339225e-001	-3.866709e-002	4.184717e-002	-3.866691e-002
9.350000e-001	9.031131e-001	3.821219e-002	1.339801e-001	-3.813720e-002	4.122800e-002	-3.813703e-002
9.360000e-001	9.030977e-001	3.829877e-002	1.340378e-001	-3.760521e-002	4.060773e-002	-3.760504e-002
9.370000e-001	9.030823e-001	3.838650e-002	1.340957e-001	-3.707113e-002	3.998639e-002	-3.707096e-002
9.380000e-001	9.030669e-001	3.847535e-002	1.341538e-001	-3.653498e-002	3.936401e-002	-3.653481e-002
9.390000e-001	9.030515e-001	3.856531e-002	1.342120e-001	-3.599677e-002	3.874063e-002	-3.599660e-002
9.400000e-001	9.030360e-001	3.865636e-002	1.342703e-001	-3.545652e-002	3.811627e-002	-3.545635e-002
9.410000e-001	9.030206e-001	3.874849e-002	1.343288e-001	-3.491425e-002	3.749097e-002	-3.491407e-002
9.420000e-001	9.030052e-001	3.884169e-002	1.343875e-001	-3.436996e-002	3.686475e-002	-3.436979e-002
9.430000e-001	9.029897e-001	3.893595e-002	1.344462e-001	-3.382369e-002	3.623764e-002	-3.382352e-002
9.440000e-001	9.029742e-001	3.903123e-002	1.345051e-001	-3.327544e-002	3.560968e-002	-3.327527e-002
9.450000e-001	9.029588e-001	3.912754e-002	1.345642e-001	-3.272523e-002	3.498090e-002	-3.272506e-002
9.460000e-001	9.029433e-001	3.922486e-002	1.346234e-001	-3.217307e-002	3.435132e-002	-3.217291e-002
9.470000e-001	9.029278e-001	3.932317e-002	1.346827e-001	-3.161900e-002	3.372098e-002	-3.161883e-002
9.480000e-001	9.029123e-001	3.942245e-002	1.347421e-001	-3.106301e-002	3.308990e-002	-3.106285e-002
9.490000e-001	9.028968e-001	3.952270e-002	1.348017e-001	-3.050514e-002	3.245812e-002	-3.050497e-002
9.500000e-001	9.028813e-001	3.962388e-002	1.348614e-001	-2.994539e-002	3.182566e-002	-2.994522e-002
9.510000e-001	9.028658e-001	3.972600e-002	1.349212e-001	-2.938378e-002	3.119256e-002	-2.938362e-002
9.520000e-001	9.028503e-001	3.982903e-002	1.349811e-001	-2.882034e-002	3.055885e-002	-2.882018e-002
9.530000e-001	9.028347e-001	3.993295e-002	1.350412e-001	-2.825508e-002	2.992456e-002	-2.825492e-002
9.540000e-001	9.028192e-001	4.003775e-002	1.351014e-001	-2.768802e-002	2.928971e-002	-2.768786e-002
9.550000e-001	9.028036e-001	4.014342e-002	1.351616e-001	-2.711917e-002	2.865434e-002	-2.711901e-002
9.560000e-001	9.027881e-001	4.024993e-002	1.352220e-001	-2.654856e-002	2.801848e-002	-2.654840e-002
9.570000e-001	9.027725e-001	4.035727e-002	1.352825e-001	-2.597620e-002	2.738216e-002	-2.597604e-002
9.580000e-001	9.027569e-001	4.046542e-002	1.353431e-001	-2.540211e-002	2.674540e-002	-2.540195e-002
9.590000e-001	9.027414e-001	4.057437e-002	1.354038e-001	-2.482631e-002	2.610824e-002	-2.482615e-002
9.600000e-001	9.027258e-001	4.068410e-002	1.354646e-001	-2.424882e-002	2.547071e-002	-2.424867e-002
9.610000e-001	9.027102e-001	4.079458e-002	1.355255e-001	-2.366966e-002	2.483284e-002	-2.366951e-002
9.620000e-001	9.026946e-001	4.090581e-002	1.355865e-001	-2.308885e-002	2.419465e-002	-2.308870e-002
9.630000e-001	9.026790e-001	4.101777e-002	1.356476e-001	-2.250641e-002	2.355618e-002	-2.250625e-002
9.640000e-001	9.026634e-001	4.113043e-002	1.357088e-001	-2.192235e-002	2.291745e-002	-2.192219e-002
9.650000e-001	9.026478e-001	4.124379e-002	1.357701e-001	-2.133670e-002	2.227851e-002	-2.133654e-002
9.660000e-001	9.026322e-001	4.135781e-002	1.358315e-001	-2.074947e-002	2.163936e-002	-2.074932e-002
9.670000e-001	9.026166e-001	4.147249e-002	1.358929e-001	-2.016069e-002	2.100005e-002	-2.016054e-002
9.680000e-001	9.026009e-001	4.158781e-002	1.359544e-001	-1.957038e-002	2.036061e-002	-1.957023e-002
9.690000e-001	9.025853e-001	4.170374e-002	1.360160e-001	-1.897855e-002	1.972106e-002	-1.897840e-002
9.700000e-001	9.025697e-001	4.182028e-002	1.360777e-001	-1.838523e-002	1.908144e-002	-1.838508e-002
9.710000e-001	9.025540e-001	4.193739e-002	1.361395e-001	-1.779044e-002	1.844176e-002	-1.779029e-002
9.720000e-001	9.025384e-001	4.205507e-002	1.362013e-001	-1.719419e-002	1.780207e-002	-1.719404e-002
9.730000e-001	9.025227e-001	4.217329e-002	1.362632e-001	-1.659652e-002	1.716239e-002	-1.659637e-002
9.740000e-001	9.025071e-001	4.229204e-002	1.363251e-001	-1.599743e-002	1.652275e-002	-1.599728e-002
9.750000e-001	9.024914e-001	4.241130e-002	1.363872e-001	-1.539696e-002	1.588318e-002	-1.539681e-002
9.760000e-001	9.024757e-001	4.253104e-002	1.364493e-001	-1.479512e-002	1.524371e-002	-1.479497e-002
9.770000e-001	9.024601e-001	4.265125e-002	1.365114e-001	-1.419193e-002	1.460436e-002	-1.419178e-002
9.780000e-001	9.024444e-001	4.277191e-002	1.365736e-001	-1.358742e-002	1.396517e-002	-1.358727e-002
9.790000e-001	9.024287e-001	4.289301e-002	1.366359e-001	-1.298160e-002	1.332616e-002	-1.298146e-002
9.800000e-001	9.024131e-001	4.301451e-002	1.366982e-001	-1.237451e-002	1.268736e-002	-1.237436e-002
9.810000e-001	9.023974e-001	4.313641e-002	1.367605e-001	-1.176615e-002	1.204881e-002	-1.176601e-002
9.820000e-001	9.023817e-001	4.325868e-002	1.368229e-001	-1.115656e-002	1.141052e-002	-1.115641e-002
9.830000e-001	9.023660e-001	4.338130e-002	1.368854e-001	-1.054575e-002	1.077254e-002	-1.054561e-002
9.840000e-001	9.023503e-001	4.350426e-002	1.369479e-001	-9.933755e-003	1.013488e-002	-9.933610e-003
9.850000e-001	9.023346e-001	4.362754e-002	1.370104e-001	-9.320587e-003	9.497569e-003	-9.320443e-003
9.860000e-001	9.023189e-001	4.375111e-002	1.370730e-001	-8.706273e-003	8.860645e-003	-8.706129e-003
9.870000e-001	9.023033e-001	4.387495e-002	1.371356e-001	-8.090835e-003	8.224130e-003	-8.090691e-003
9.880000e-001	9.022876e-001	4.399906e-002	1.371982e-001	-7.474296e-003	7.588053e-003	-7.474153e-003
9.890000e-001	9.022719e-001	4.412340e-002	1.372609e-001	-6.856679e-003	6.952441e-003	-6.856536e-003
9.900000e-001	9.022562e-001	4.424796e-002	1.373236e-001	-6.238008e-003	6.317323e-003	-6.237865e-003
9.910000e-001	9.022405e-001	4.437271e-002	1.373863e-001	-5.618306e-003	5.682725e-003	-5.618163e-003
9.920000e-001	9.022248e-001	4.449765e-002	1.374490e-001	-4.997596e-003	5.048676e-003	-4.997454e-003
9.930000e-001	9.022091e-001	4.462274e-002	1.375118e-001	-4.375903e-003	4.415201e-003	-4.375761e-003
9.940000e-001	9.021933e-001	4.474797e-002	1.375746e-001	-3.753250e-003	3.782330e-003	-3.753108e-003
9.950000e-001	9.021776e-001	4.487333e-002	1.376374e-001	-3.129660e-003	3.150087e-003	-3.129518e-003
9.960000e-001	9.021619e-001	4.499878e-002	1.377002e-001	-2.505159e-003	2.518502e-003	-2.505017e-003
9.970000e-001	9.021462e-001	4.512431e-002	1.377630e-001	-1.879770e-003	1.887599e-003	-1.879628e-003
9.980000e-001	9.021305e-001	4.524989e-002	1.378258e-001	-1.253518e-003	1.257407e-003	-1.253376e-003
9.990000e-001	9.021148e-001	4.537552e-002	1.378886e-001	-6.264268e-004	6.279516e-004	-6.262848e-004
1.000000e+000	9.020991e-001	4.550117e-002	1.379515e-001	1.478574e-006	-7.408518e-007	1.620621e-006


