0	-1.0195
0.001	-1.0197
0.002	-1.0217
0.003	-1.0236
0.004	-1.0256
0.005	-1.0274
0.006	-1.0292
0.007	-1.031
0.008	-1.0327
0.009	-1.0344
0.01	-1.0361
0.011	-1.0377
0.012	-1.0393
0.013	-1.0409
0.014	-1.0425
0.015	-1.0441
0.016	-1.0456
0.017	-1.0472
0.018	-1.0487
0.019	-1.0502
0.02	-1.0518
0.021	-1.0533
0.022	-1.0548
0.023	-1.0563
0.024	-1.0578
0.025	-1.0593
0.026	-1.0608
0.027	-1.0622
0.028	-1.0637
0.029	-1.0652
0.03	-1.0666
0.031	-1.0681
0.032	-1.0695
0.033	-1.071
0.034	-1.0724
0.035	-1.0739
0.036	-1.0753
0.037	-1.0767
0.038	-1.0782
0.039	-1.0796
0.04	-1.081
0.041	-1.0824
0.042	-1.0838
0.043	-1.0852
0.044	-1.0866
0.045	-1.088
0.046	-1.0894
0.047	-1.0908
0.048	-1.0922
0.049	-1.0936
0.05	-1.095
0.051	-1.0963
0.052	-1.0977
0.053	-1.0991
0.054	-1.1004
0.055	-1.1018
0.056	-1.1031
0.057	-1.1045
0.058	-1.1058
0.059	-1.1072
0.06	-1.1085
0.061	-1.1099
0.062	-1.1112
0.063	-1.1125
0.064	-1.1139
0.065	-1.1152
0.066	-1.1165
0.067	-1.1178
0.068	-1.1191
0.069	-1.1205
0.07	-1.1218
0.071	-1.1231
0.072	-1.1244
0.073	-1.1257
0.074	-1.127
0.075	-1.1283
0.076	-1.1296
0.077	-1.1308
0.078	-1.1321
0.079	-1.1334
0.08	-1.1347
0.081	-1.136
0.082	-1.1372
0.083	-1.1385
0.084	-1.1398
0.085	-1.1411
0.086	-1.1423
0.087	-1.1436
0.088	-1.1448
0.089	-1.1461
0.09	-1.1474
0.091	-1.1486
0.092	-1.1499
0.093	-1.1511
0.094	-1.1524
0.095	-1.1536
0.096	-1.1548
0.097	-1.1561
0.098	-1.1573
0.099	-1.1585
0.1	-1.1598
0.101	-1.161
0.102	-1.1622
0.103	-1.1635
0.104	-1.1647
0.105	-1.1659
0.106	-1.1671
0.107	-1.1683
0.108	-1.1695
0.109	-1.1708
0.11	-1.172
0.111	-1.1732
0.112	-1.1744
0.113	-1.1756
0.114	-1.1768
0.115	-1.178
0.116	-1.1792
0.117	-1.1804
0.118	-1.1816
0.119	-1.1828
0.12	-1.1839
0.121	-1.1851
0.122	-1.1863
0.123	-1.1875
0.124	-1.1887
0.125	-1.1899
0.126	-1.191
0.127	-1.1922
0.128	-1.1934
0.129	-1.1946
0.13	-1.1957
0.131	-1.1969
0.132	-1.1981
0.133	-1.1992
0.134	-1.2004
0.135	-1.2016
0.136	-1.2027
0.137	-1.2035
0.138	-1.2047
0.139	-1.206
0.14	-1.2072
0.141	-1.2084
0.142	-1.2096
0.143	-1.2107
0.144	-1.2119
0.145	-1.213
0.146	-1.2142
0.147	-1.2153
0.148	-1.2165
0.149	-1.2176
0.15	-1.2188
0.151	-1.2199
0.152	-1.221
0.153	-1.2222
0.154	-1.2233
0.155	-1.2244
0.156	-1.2255
0.157	-1.2267
0.158	-1.2278
0.159	-1.2289
0.16	-1.23
0.161	-1.2312
0.162	-1.2323
0.163	-1.2334
0.164	-1.2345
0.165	-1.2356
0.166	-1.2367
0.167	-1.2378
0.168	-1.2389
0.169	-1.24
0.17	-1.2411
0.171	-1.2422
0.172	-1.2432
0.173	-1.2442
0.174	-1.2452
0.175	-1.2462
0.176	-1.2473
0.177	-1.2486
0.178	-1.2498
0.179	-1.2512
0.18	-1.2524
0.181	-1.2535
0.182	-1.2546
0.183	-1.2556
0.184	-1.2567
0.185	-1.2578
0.186	-1.2589
0.187	-1.26
0.188	-1.2611
0.189	-1.2621
0.19	-1.2632
0.191	-1.2643
0.192	-1.2654
0.193	-1.2665
0.194	-1.2675
0.195	-1.2686
0.196	-1.2697
0.197	-1.2708
0.198	-1.2719
0.199	-1.2729
0.2	-1.274
0.201	-1.2751
0.202	-1.2761
0.203	-1.2772
0.204	-1.2783
0.205	-1.2794
0.206	-1.2804
0.207	-1.2815
0.208	-1.2826
0.209	-1.2836
0.21	-1.2847
0.211	-1.2858
0.212	-1.2868
0.213	-1.2879
0.214	-1.2889
0.215	-1.29
0.216	-1.2911
0.217	-1.2921
0.218	-1.2932
0.219	-1.2942
0.22	-1.2953
0.221	-1.2963
0.222	-1.2973
0.223	-1.2982
0.224	-1.2991
0.225	-1.3001
0.226	-1.301
0.227	-1.3023
0.228	-1.3033
0.229	-1.3043
0.23	-1.3054
0.231	-1.3064
0.232	-1.3075
0.233	-1.3086
0.234	-1.3096
0.235	-1.3107
0.236	-1.3117
0.237	-1.3128
0.238	-1.3138
0.239	-1.3149
0.24	-1.3159
0.241	-1.317
0.242	-1.318
0.243	-1.3191
0.244	-1.3201
0.245	-1.3211
0.246	-1.3222
0.247	-1.3232
0.248	-1.3242
0.249	-1.3253
0.25	-1.3263
0.251	-1.3273
0.252	-1.3283
0.253	-1.3294
0.254	-1.3304
0.255	-1.3314
0.256	-1.3324
0.257	-1.3335
0.258	-1.3345
0.259	-1.3355
0.26	-1.3365
0.261	-1.3375
0.262	-1.3386
0.263	-1.3396
0.264	-1.3406
0.265	-1.3416
0.266	-1.3426
0.267	-1.3436
0.268	-1.3447
0.269	-1.3457
0.27	-1.3467
0.271	-1.3477
0.272	-1.3487
0.273	-1.3497
0.274	-1.3507
0.275	-1.3517
0.276	-1.3527
0.277	-1.3537
0.278	-1.3548
0.279	-1.3558
0.28	-1.3568
0.281	-1.3578
0.282	-1.3588
0.283	-1.3598
0.284	-1.3608
0.285	-1.3618
0.286	-1.3628
0.287	-1.3638
0.288	-1.3648
0.289	-1.3658
0.29	-1.3668
0.291	-1.3678
0.292	-1.3688
0.293	-1.3698
0.294	-1.3708
0.295	-1.3717
0.296	-1.3727
0.297	-1.3737
0.298	-1.3747
0.299	-1.3757
0.3	-1.3767
0.301	-1.3777
0.302	-1.3787
0.303	-1.3797
0.304	-1.3807
0.305	-1.3817
0.306	-1.3826
0.307	-1.3836
0.308	-1.3846
0.309	-1.3856
0.31	-1.3866
0.311	-1.3876
0.312	-1.3885
0.313	-1.3895
0.314	-1.3905
0.315	-1.3915
0.316	-1.3925
0.317	-1.3934
0.318	-1.3944
0.319	-1.3954
0.32	-1.3964
0.321	-1.3974
0.322	-1.3983
0.323	-1.3993
0.324	-1.4003
0.325	-1.4013
0.326	-1.4022
0.327	-1.4032
0.328	-1.4042
0.329	-1.4051
0.33	-1.4061
0.331	-1.4071
0.332	-1.408
0.333	-1.409
0.334	-1.41
0.335	-1.4109
0.336	-1.4119
0.337	-1.4129
0.338	-1.4138
0.339	-1.4148
0.34	-1.4157
0.341	-1.4167
0.342	-1.4177
0.343	-1.4186
0.344	-1.4196
0.345	-1.4205
0.346	-1.4215
0.347	-1.4224
0.348	-1.4234
0.349	-1.4243
0.35	-1.4253
0.351	-1.4262
0.352	-1.4271
0.353	-1.4281
0.354	-1.429
0.355	-1.43
0.356	-1.431
0.357	-1.4321
0.358	-1.4332
0.359	-1.4341
0.36	-1.4349
0.361	-1.4358
0.362	-1.4368
0.363	-1.4377
0.364	-1.4386
0.365	-1.4396
0.366	-1.4405
0.367	-1.4415
0.368	-1.4424
0.369	-1.4434
0.37	-1.4444
0.371	-1.4454
0.372	-1.4464
0.373	-1.4474
0.374	-1.4485
0.375	-1.4495
0.376	-1.4504
0.377	-1.4513
0.378	-1.4522
0.379	-1.4532
0.38	-1.4541
0.381	-1.455
0.382	-1.456
0.383	-1.457
0.384	-1.4579
0.385	-1.4589
0.386	-1.4599
0.387	-1.4608
0.388	-1.4618
0.389	-1.4627
0.39	-1.4637
0.391	-1.4646
0.392	-1.4656
0.393	-1.4665
0.394	-1.4675
0.395	-1.4684
0.396	-1.4693
0.397	-1.4703
0.398	-1.4712
0.399	-1.4721
0.4	-1.4731
0.401	-1.4741
0.402	-1.4751
0.403	-1.476
0.404	-1.477
0.405	-1.478
0.406	-1.4789
0.407	-1.4799
0.408	-1.4808
0.409	-1.4818
0.41	-1.4827
0.411	-1.4837
0.412	-1.4846
0.413	-1.4856
0.414	-1.4865
0.415	-1.4875
0.416	-1.4884
0.417	-1.4894
0.418	-1.4903
0.419	-1.4913
0.42	-1.4922
0.421	-1.4932
0.422	-1.4941
0.423	-1.495
0.424	-1.496
0.425	-1.4969
0.426	-1.4979
0.427	-1.4988
0.428	-1.4997
0.429	-1.5007
0.43	-1.5016
0.431	-1.5026
0.432	-1.5035
0.433	-1.5044
0.434	-1.5054
0.435	-1.5063
0.436	-1.5072
0.437	-1.5082
0.438	-1.5091
0.439	-1.51
0.44	-1.511
0.441	-1.5119
0.442	-1.5129
0.443	-1.5138
0.444	-1.5147
0.445	-1.5157
0.446	-1.5166
0.447	-1.5175
0.448	-1.5184
0.449	-1.5194
0.45	-1.5203
0.451	-1.5212
0.452	-1.5222
0.453	-1.5231
0.454	-1.524
0.455	-1.525
0.456	-1.5259
0.457	-1.5268
0.458	-1.5277
0.459	-1.5287
0.46	-1.5296
0.461	-1.5305
0.462	-1.5315
0.463	-1.5324
0.464	-1.5333
0.465	-1.5342
0.466	-1.5352
0.467	-1.5361
0.468	-1.537
0.469	-1.5379
0.47	-1.5389
0.471	-1.5398
0.472	-1.5407
0.473	-1.5416
0.474	-1.5426
0.475	-1.5435
0.476	-1.5444
0.477	-1.5454
0.478	-1.5463
0.479	-1.5473
0.48	-1.5482
0.481	-1.5491
0.482	-1.55
0.483	-1.5509
0.484	-1.5519
0.485	-1.5528
0.486	-1.5537
0.487	-1.5546
0.488	-1.5555
0.489	-1.5565
0.49	-1.5574
0.491	-1.5583
0.492	-1.5592
0.493	-1.5601
0.494	-1.5611
0.495	-1.562
0.496	-1.5629
0.497	-1.5638
0.498	-1.5647
0.499	-1.5657
0.5	-1.5666
0.501	-1.5675
0.502	-1.5684
0.503	-1.5693
0.504	-1.5703
0.505	-1.5712
0.506	-1.5721
0.507	-1.573
0.508	-1.5739
0.509	-1.5748
0.51	-1.5758
0.511	-1.5767
0.512	-1.5776
0.513	-1.5785
0.514	-1.5794
0.515	-1.5803
0.516	-1.5813
0.517	-1.5822
0.518	-1.5831
0.519	-1.584
0.52	-1.5849
0.521	-1.5858
0.522	-1.5867
0.523	-1.5877
0.524	-1.5886
0.525	-1.5895
0.526	-1.5904
0.527	-1.5913
0.528	-1.5922
0.529	-1.5931
0.53	-1.594
0.531	-1.595
0.532	-1.5959
0.533	-1.5968
0.534	-1.5977
0.535	-1.5986
0.536	-1.5995
0.537	-1.6004
0.538	-1.6013
0.539	-1.6023
0.54	-1.6032
0.541	-1.6041
0.542	-1.605
0.543	-1.6059
0.544	-1.6068
0.545	-1.6077
0.546	-1.6086
0.547	-1.6095
0.548	-1.6105
0.549	-1.6114
0.55	-1.6123
0.551	-1.6132
0.552	-1.6141
0.553	-1.615
0.554	-1.6159
0.555	-1.6168
0.556	-1.6177
0.557	-1.6186
0.558	-1.6195
0.559	-1.6205
0.56	-1.6214
0.561	-1.6223
0.562	-1.6232
0.563	-1.6241
0.564	-1.625
0.565	-1.6259
0.566	-1.6268
0.567	-1.6277
0.568	-1.6286
0.569	-1.6295
0.57	-1.6304
0.571	-1.6313
0.572	-1.6323
0.573	-1.6332
0.574	-1.6341
0.575	-1.635
0.576	-1.6359
0.577	-1.6368
0.578	-1.6377
0.579	-1.6386
0.58	-1.6395
0.581	-1.6404
0.582	-1.6413
0.583	-1.6422
0.584	-1.6431
0.585	-1.644
0.586	-1.6449
0.587	-1.6458
0.588	-1.6467
0.589	-1.6476
0.59	-1.6486
0.591	-1.6495
0.592	-1.6504
0.593	-1.6513
0.594	-1.6522
0.595	-1.6531
0.596	-1.654
0.597	-1.6549
0.598	-1.6558
0.599	-1.6567
0.6	-1.6576
0.601	-1.6585
0.602	-1.6594
0.603	-1.6603
0.604	-1.6612
0.605	-1.6621
0.606	-1.663
0.607	-1.6639
0.608	-1.6648
0.609	-1.6657
0.61	-1.6666
0.611	-1.6675
0.612	-1.6684
0.613	-1.6693
0.614	-1.6702
0.615	-1.6711
0.616	-1.672
0.617	-1.6729
0.618	-1.6738
0.619	-1.6747
0.62	-1.6756
0.621	-1.6765
0.622	-1.6774
0.623	-1.6783
0.624	-1.6792
0.625	-1.6801
0.626	-1.681
0.627	-1.6819
0.628	-1.6828
0.629	-1.6837
0.63	-1.6846
0.631	-1.6855
0.632	-1.6864
0.633	-1.6873
0.634	-1.6882
0.635	-1.6891
0.636	-1.69
0.637	-1.6909
0.638	-1.6918
0.639	-1.6927
0.64	-1.6936
0.641	-1.6945
0.642	-1.6954
0.643	-1.6963
0.644	-1.6972
0.645	-1.6981
0.646	-1.699
0.647	-1.6999
0.648	-1.7008
0.649	-1.7017
0.65	-1.7026
0.651	-1.7035
0.652	-1.7044
0.653	-1.7053
0.654	-1.7062
0.655	-1.7071
0.656	-1.708
0.657	-1.7089
0.658	-1.7098
0.659	-1.7107
0.66	-1.7116
0.661	-1.7125
0.662	-1.7134
0.663	-1.7143
0.664	-1.7152
0.665	-1.7161
0.666	-1.717
0.667	-1.7179
0.668	-1.7188
0.669	-1.7197
0.67	-1.7206
0.671	-1.7215
0.672	-1.7224
0.673	-1.7233
0.674	-1.7242
0.675	-1.7251
0.676	-1.726
0.677	-1.7269
0.678	-1.7278
0.679	-1.7287
0.68	-1.7296
0.681	-1.7305
0.682	-1.7314
0.683	-1.7323
0.684	-1.7332
0.685	-1.7341
0.686	-1.735
0.687	-1.7359
0.688	-1.7368
0.689	-1.7377
0.69	-1.7385
0.691	-1.7394
0.692	-1.7403
0.693	-1.7412
0.694	-1.7421
0.695	-1.743
0.696	-1.7439
0.697	-1.7448
0.698	-1.7457
0.699	-1.7466
0.7	-1.7475
0.701	-1.7484
0.702	-1.7493
0.703	-1.7502
0.704	-1.7511
0.705	-1.752
0.706	-1.7529
0.707	-1.7538
0.708	-1.7547
0.709	-1.7556
0.71	-1.7565
0.711	-1.7574
0.712	-1.7583
0.713	-1.7592
0.714	-1.76
0.715	-1.7609
0.716	-1.7618
0.717	-1.7627
0.718	-1.7636
0.719	-1.7645
0.72	-1.7654
0.721	-1.7663
0.722	-1.7673
0.723	-1.7683
0.724	-1.7692
0.725	-1.77
0.726	-1.7709
0.727	-1.7718
0.728	-1.7727
0.729	-1.7736
0.73	-1.7745
0.731	-1.7754
0.732	-1.7763
0.733	-1.7772
0.734	-1.7781
0.735	-1.779
0.736	-1.7799
0.737	-1.7808
0.738	-1.7817
0.739	-1.7826
0.74	-1.7835
0.741	-1.7844
0.742	-1.7853
0.743	-1.7862
0.744	-1.7871
0.745	-1.788
0.746	-1.7889
0.747	-1.7898
0.748	-1.7907
0.749	-1.7916
0.75	-1.7924
0.751	-1.7933
0.752	-1.7942
0.753	-1.7951
0.754	-1.796
0.755	-1.7969
0.756	-1.7978
0.757	-1.7987
0.758	-1.7996
0.759	-1.8005
0.76	-1.8014
0.761	-1.8023
0.762	-1.8032
0.763	-1.8041
0.764	-1.805
0.765	-1.8059
0.766	-1.8068
0.767	-1.8077
0.768	-1.8086
0.769	-1.8095
0.77	-1.8104
0.771	-1.8113
0.772	-1.8122
0.773	-1.813
0.774	-1.8139
0.775	-1.8148
0.776	-1.8157
0.777	-1.8166
0.778	-1.8175
0.779	-1.8184
0.78	-1.8193
0.781	-1.8202
0.782	-1.8211
0.783	-1.822
0.784	-1.8229
0.785	-1.8238
0.786	-1.8247
0.787	-1.8256
0.788	-1.8265
0.789	-1.8274
0.79	-1.8283
0.791	-1.8292
0.792	-1.8301
0.793	-1.831
0.794	-1.8319
0.795	-1.8327
0.796	-1.8336
0.797	-1.8345
0.798	-1.8354
0.799	-1.8363
0.8	-1.8372
0.801	-1.8381
0.802	-1.839
0.803	-1.8399
0.804	-1.8408
0.805	-1.8417
0.806	-1.8426
0.807	-1.8435
0.808	-1.8444
0.809	-1.8453
0.81	-1.8462
0.811	-1.8471
0.812	-1.848
0.813	-1.8489
0.814	-1.8498
0.815	-1.8507
0.816	-1.8516
0.817	-1.8524
0.818	-1.8533
0.819	-1.8542
0.82	-1.8551
0.821	-1.856
0.822	-1.8569
0.823	-1.8578
0.824	-1.8587
0.825	-1.8596
0.826	-1.8605
0.827	-1.8614
0.828	-1.8623
0.829	-1.8632
0.83	-1.8641
0.831	-1.865
0.832	-1.8659
0.833	-1.8668
0.834	-1.8677
0.835	-1.8686
0.836	-1.8695
0.837	-1.8704
0.838	-1.8712
0.839	-1.8721
0.84	-1.873
0.841	-1.8739
0.842	-1.8748
0.843	-1.8757
0.844	-1.8766
0.845	-1.8775
0.846	-1.8784
0.847	-1.8793
0.848	-1.8802
0.849	-1.8811
0.85	-1.882
0.851	-1.8829
0.852	-1.8838
0.853	-1.8847
0.854	-1.8856
0.855	-1.8865
0.856	-1.8874
0.857	-1.8883
0.858	-1.8892
0.859	-1.8901
0.86	-1.8909
0.861	-1.8918
0.862	-1.8927
0.863	-1.8936
0.864	-1.8945
0.865	-1.8954
0.866	-1.8963
0.867	-1.8972
0.868	-1.8981
0.869	-1.899
0.87	-1.8999
0.871	-1.9008
0.872	-1.9017
0.873	-1.9026
0.874	-1.9035
0.875	-1.9044
0.876	-1.9053
0.877	-1.9062
0.878	-1.9071
0.879	-1.908
0.88	-1.9089
0.881	-1.9097
0.882	-1.9106
0.883	-1.9115
0.884	-1.9124
0.885	-1.9133
0.886	-1.9142
0.887	-1.9151
0.888	-1.916
0.889	-1.9169
0.89	-1.9178
0.891	-1.9187
0.892	-1.9196
0.893	-1.9205
0.894	-1.9214
0.895	-1.9223
0.896	-1.9232
0.897	-1.9241
0.898	-1.925
0.899	-1.9259
0.9	-1.9268
0.901	-1.9277
0.902	-1.9285
0.903	-1.9294
0.904	-1.9303
0.905	-1.9312
0.906	-1.9321
0.907	-1.933
0.908	-1.9339
0.909	-1.9348
0.91	-1.9357
0.911	-1.9366
0.912	-1.9375
0.913	-1.9384
0.914	-1.9393
0.915	-1.9402
0.916	-1.9411
0.917	-1.942
0.918	-1.9429
0.919	-1.9438
0.92	-1.9447
0.921	-1.9456
0.922	-1.9465
0.923	-1.9474
0.924	-1.9482
0.925	-1.9491
0.926	-1.95
0.927	-1.9509
0.928	-1.9518
0.929	-1.9527
0.93	-1.9536
0.931	-1.9545
0.932	-1.9554
0.933	-1.9563
0.934	-1.9572
0.935	-1.9581
0.936	-1.959
0.937	-1.9599
0.938	-1.9608
0.939	-1.9617
0.94	-1.9626
0.941	-1.9635
0.942	-1.9644
0.943	-1.9653
0.944	-1.9662
0.945	-1.967
0.946	-1.9679
0.947	-1.9688
0.948	-1.9697
0.949	-1.9706
0.95	-1.9715
0.951	-1.9724
0.952	-1.9733
0.953	-1.9742
0.954	-1.9751
0.955	-1.976
0.956	-1.9769
0.957	-1.9778
0.958	-1.9787
0.959	-1.9796
0.96	-1.9805
0.961	-1.9814
0.962	-1.9823
0.963	-1.9832
0.964	-1.9841
0.965	-1.985
0.966	-1.9859
0.967	-1.9868
0.968	-1.9876
0.969	-1.9885
0.97	-1.9894
0.971	-1.9903
0.972	-1.9912
0.973	-1.9921
0.974	-1.993
0.975	-1.9939
0.976	-1.9948
0.977	-1.9957
0.978	-1.9966
0.979	-1.9975
0.98	-1.9984
0.981	-1.9993
0.982	-2.0002
0.983	-2.0011
0.984	-2.002
0.985	-2.0029
0.986	-2.0038
0.987	-2.0047
0.988	-2.0056
0.989	-2.0065
0.99	-2.0074
0.991	-2.0083
0.992	-2.0092
0.993	-2.0101
0.994	-2.011
0.995	-2.0119
0.996	-2.0128
0.997	-2.0137
0.998	-2.0146
0.999	-2.0155
1	-2.0164
1.001	-2.0173
1.002	-2.0182
1.003	-2.0191
1.004	-2.02
1.005	-2.0209
1.006	-2.0218
1.007	-2.0227
1.008	-2.0236
1.009	-2.0245
1.01	-2.0254
1.011	-2.0263
1.012	-2.0272
1.013	-2.0281
1.014	-2.029
1.015	-2.0299
1.016	-2.0308
1.017	-2.0318
1.018	-2.0328
1.019	-2.0338
1.02	-2.0348
1.021	-2.0358
1.022	-2.0368
1.023	-2.0378
1.024	-2.0387
1.025	-2.0396
1.026	-2.0405
1.027	-2.0413
1.028	-2.0422
1.029	-2.043
1.03	-2.0438
1.031	-2.0447
1.032	-2.0455
1.033	-2.0464
1.034	-2.0472
1.035	-2.048
1.036	-2.0488
1.037	-2.0494
1.038	-2.05
1.039	-2.0508
1.04	-2.0518
1.041	-2.0529
1.042	-2.0541
1.043	-2.0552
1.044	-2.0554
1.045	-2.0561
1.046	-2.0567
1.047	-2.0578
1.048	-2.0589
1.049	-2.0601
1.05	-2.0611
1.051	-2.062
1.052	-2.0629
1.053	-2.0637
1.054	-2.0645
1.055	-2.0653
1.056	-2.0661
1.057	-2.0669
1.058	-2.0677
1.059	-2.0686
1.06	-2.0694
1.061	-2.0702
1.062	-2.071
1.063	-2.0718
1.064	-2.0726
1.065	-2.0733
1.066	-2.0741
1.067	-2.0749
1.068	-2.0756
1.069	-2.0763
1.07	-2.0771
1.071	-2.0778
1.072	-2.0786
1.073	-2.0793
1.074	-2.0801
1.075	-2.0809
1.076	-2.0817
1.077	-2.0824
1.078	-2.0832
1.079	-2.084
1.08	-2.0847
1.081	-2.0855
1.082	-2.0863
1.083	-2.087
1.084	-2.0878
1.085	-2.0886
1.086	-2.0893
1.087	-2.0901
1.088	-2.0908
1.089	-2.0916
1.09	-2.0924
1.091	-2.0931
1.092	-2.0939
1.093	-2.0946
1.094	-2.0954
1.095	-2.0961
1.096	-2.0969
1.097	-2.0976
1.098	-2.0984
1.099	-2.0991
1.1	-2.0999
1.101	-2.1006
1.102	-2.1013
1.103	-2.1021
1.104	-2.1028
1.105	-2.1035
1.106	-2.1043
1.107	-2.105
1.108	-2.1057
1.109	-2.1064
1.11	-2.1071
1.111	-2.1079
1.112	-2.1086
1.113	-2.1093
1.114	-2.11
1.115	-2.1107
1.116	-2.1114
1.117	-2.1121
1.118	-2.1128
1.119	-2.1135
1.12	-2.1142
1.121	-2.1149
1.122	-2.1156
1.123	-2.1162
1.124	-2.1169
1.125	-2.1176
1.126	-2.1183
1.127	-2.119
1.128	-2.1196
1.129	-2.1203
1.13	-2.121
1.131	-2.1216
1.132	-2.1223
1.133	-2.1229
1.134	-2.1236
1.135	-2.1242
1.136	-2.1249
1.137	-2.1255
1.138	-2.1261
1.139	-2.1268
1.14	-2.1274
1.141	-2.128
1.142	-2.1287
1.143	-2.1293
1.144	-2.1299
1.145	-2.1305
1.146	-2.1311
1.147	-2.1318
1.148	-2.1324
1.149	-2.133
1.15	-2.1336
1.151	-2.1342
1.152	-2.1347
1.153	-2.1353
1.154	-2.1359
1.155	-2.1365
1.156	-2.1371
1.157	-2.1377
1.158	-2.1382
1.159	-2.1388
1.16	-2.1394
1.161	-2.1399
1.162	-2.1405
1.163	-2.141
1.164	-2.1416
1.165	-2.1421
1.166	-2.1427
1.167	-2.1432
1.168	-2.1437
1.169	-2.1443
1.17	-2.1448
1.171	-2.1453
1.172	-2.1458
1.173	-2.1464
1.174	-2.1469
1.175	-2.1474
1.176	-2.1479
1.177	-2.1484
1.178	-2.1489
1.179	-2.1494
1.18	-2.1499
1.181	-2.1503
1.182	-2.1508
1.183	-2.1513
1.184	-2.1518
1.185	-2.1522
1.186	-2.1527
1.187	-2.1531
1.188	-2.1536
1.189	-2.154
1.19	-2.1545
1.191	-2.1549
1.192	-2.1554
1.193	-2.1558
1.194	-2.1562
1.195	-2.1567
1.196	-2.1571
1.197	-2.1575
1.198	-2.1579
1.199	-2.1584
1.2	-2.1588
1.201	-2.1592
1.202	-2.1596
1.203	-2.16
1.204	-2.1604
1.205	-2.1608
1.206	-2.1612
1.207	-2.1615
1.208	-2.1619
1.209	-2.1623
1.21	-2.1627
1.211	-2.163
1.212	-2.1634
1.213	-2.1638
1.214	-2.1641
1.215	-2.1645
1.216	-2.1648
1.217	-2.1652
1.218	-2.1655
1.219	-2.1658
1.22	-2.1661
1.221	-2.1663
1.222	-2.1666
1.223	-2.1669
1.224	-2.1672
1.225	-2.1675
1.226	-2.1678
1.227	-2.1681
1.228	-2.1685
1.229	-2.1688
1.23	-2.1691
1.231	-2.1694
1.232	-2.1697
1.233	-2.1701
1.234	-2.1704
1.235	-2.1707
1.236	-2.171
1.237	-2.1712
1.238	-2.1715
1.239	-2.1718
1.24	-2.172
1.241	-2.1723
1.242	-2.1725
1.243	-2.1728
1.244	-2.173
1.245	-2.1733
1.246	-2.1735
1.247	-2.1738
1.248	-2.174
1.249	-2.1742
1.25	-2.1744
1.251	-2.1746
1.252	-2.1748
1.253	-2.175
1.254	-2.1751
1.255	-2.1753
1.256	-2.1755
1.257	-2.1756
1.258	-2.1758
1.259	-2.176
1.26	-2.1762
1.261	-2.1764
1.262	-2.1766
1.263	-2.1767
1.264	-2.1769
1.265	-2.1771
1.266	-2.1773
1.267	-2.1775
1.268	-2.1777
1.269	-2.1779
1.27	-2.1781
1.271	-2.1783
1.272	-2.1784
1.273	-2.1786
1.274	-2.1788
1.275	-2.179
1.276	-2.1792
1.277	-2.1794
1.278	-2.1795
1.279	-2.1797
1.28	-2.1799
1.281	-2.1801
1.282	-2.1802
1.283	-2.1804
1.284	-2.1806
1.285	-2.1807
1.286	-2.1809
1.287	-2.1811
1.288	-2.1813
1.289	-2.1815
1.29	-2.1816
1.291	-2.1818
1.292	-2.1819
1.293	-2.1821
1.294	-2.1823
1.295	-2.1824
1.296	-2.1826
1.297	-2.1827
1.298	-2.1828
1.299	-2.183
1.3	-2.1831
1.301	-2.1832
1.302	-2.1834
1.303	-2.1835
1.304	-2.1837
1.305	-2.1838
1.306	-2.184
1.307	-2.1841
1.308	-2.1842
1.309	-2.1844
1.31	-2.1845
1.311	-2.1847
1.312	-2.1848
1.313	-2.185
1.314	-2.1851
1.315	-2.1853
1.316	-2.1854
1.317	-2.1856
1.318	-2.1857
1.319	-2.1858
1.32	-2.186
1.321	-2.1861
1.322	-2.1863
1.323	-2.1864
1.324	-2.1866
1.325	-2.1867
1.326	-2.1869
1.327	-2.187
1.328	-2.1872
1.329	-2.1873
1.33	-2.1875
1.331	-2.1876
1.332	-2.1878
1.333	-2.1879
1.334	-2.1881
1.335	-2.1883
1.336	-2.1884
1.337	-2.1886
1.338	-2.1887
1.339	-2.1889
1.34	-2.1891
1.341	-2.1892
1.342	-2.1894
1.343	-2.1895
1.344	-2.1897
1.345	-2.1899
1.346	-2.19
1.347	-2.1902
1.348	-2.1904
1.349	-2.1906
1.35	-2.1907
1.351	-2.1909
1.352	-2.1911
1.353	-2.1912
1.354	-2.1914
1.355	-2.1915
1.356	-2.1917
1.357	-2.1919
1.358	-2.1921
1.359	-2.1923
1.36	-2.1925
1.361	-2.1928
1.362	-2.193
1.363	-2.1932
1.364	-2.1934
1.365	-2.1935
1.366	-2.1937
1.367	-2.1939
1.368	-2.1941
1.369	-2.1943
1.37	-2.1945
1.371	-2.1947
1.372	-2.1949
1.373	-2.1952
1.374	-2.1954
1.375	-2.1957
1.376	-2.196
1.377	-2.1962
1.378	-2.1965
1.379	-2.1967
1.38	-2.1969
1.381	-2.1972
1.382	-2.1974
1.383	-2.1977
1.384	-2.1979
1.385	-2.1981
1.386	-2.1983
1.387	-2.1985
1.388	-2.1988
1.389	-2.199
1.39	-2.1993
1.391	-2.1995
1.392	-2.1998
1.393	-2.2
1.394	-2.2003
1.395	-2.2006
1.396	-2.2009
1.397	-2.2012
1.398	-2.2016
1.399	-2.2019
1.4	-2.2022
1.401	-2.2024
1.402	-2.2027
1.403	-2.2029
1.404	-2.2032
1.405	-2.2036
1.406	-2.204
1.407	-2.2043
1.408	-2.2047
1.409	-2.205
1.41	-2.2054
1.411	-2.2057
1.412	-2.2061
1.413	-2.2066
1.414	-2.2069
1.415	-2.2072
1.416	-2.2075
1.417	-2.2079
1.418	-2.2082
1.419	-2.2085
1.42	-2.2088
1.421	-2.2092
1.422	-2.2095
1.423	-2.2099
1.424	-2.2103
1.425	-2.2106
1.426	-2.211
1.427	-2.2114
1.428	-2.2119
1.429	-2.2123
1.43	-2.2128
1.431	-2.2132
1.432	-2.2137
1.433	-2.2143
1.434	-2.2146
1.435	-2.2155
1.436	-2.2161
1.437	-2.2164
1.438	-2.217
1.439	-2.2175
1.44	-2.2179
1.441	-2.2183
1.442	-2.2186
1.443	-2.219
1.444	-2.2194
1.445	-2.2198
1.446	-2.2203
1.447	-2.2207
1.448	-2.2212
1.449	-2.2217
1.45	-2.2223
1.451	-2.2232
1.452	-2.224
1.453	-2.2244
1.454	-2.2247
1.455	-2.2251
1.456	-2.2254
1.457	-2.2267
1.458	-2.2273
1.459	-2.228
1.46	-2.2284
1.461	-2.2288
1.462	-2.2292
1.463	-2.2297
1.464	-2.2302
1.465	-2.2308
1.466	-2.2315
1.467	-2.2321
1.468	-2.2325
1.469	-2.2334
1.47	-2.2343
1.471	-2.2346
1.472	-2.235
1.473	-2.2354
1.474	-2.236
1.475	-2.2367
1.476	-2.2378
1.477	-2.2385
1.478	-2.2392
1.479	-2.2405
1.48	-2.2414
1.481	-2.242
1.482	-2.2425
1.483	-2.2428
1.484	-2.2431
1.485	-2.2437
1.486	-2.2444
1.487	-2.2449
1.488	-2.2456
1.489	-2.2463
1.49	-2.247
1.491	-2.248
1.492	-2.2488
1.493	-2.2497
1.494	-2.2506
1.495	-2.2513
1.496	-2.2522
1.497	-2.2531
1.498	-2.254
1.499	-2.2548
1.5	-2.2555
1.501	-2.2562
1.502	-2.2569
1.503	-2.2576
1.504	-2.2586
1.505	-2.2593
1.506	-2.2602
1.507	-2.2611
1.508	-2.262
1.509	-2.2629
1.51	-2.2639
1.511	-2.265
1.512	-2.2661
1.513	-2.2673
1.514	-2.2683
1.515	-2.2695
1.516	-2.2701
1.517	-2.2709
1.518	-2.2716
1.519	-2.2724
1.52	-2.2732
1.521	-2.2739
1.522	-2.2747
1.523	-2.2753
1.524	-2.2762
1.525	-2.2776
1.526	-2.2791
1.527	-2.2803
1.528	-2.2817
1.529	-2.2829
1.53	-2.284
1.531	-2.285
1.532	-2.286
1.533	-2.2869
1.534	-2.2878
1.535	-2.2887
1.536	-2.2897
1.537	-2.2907
1.538	-2.2916
1.539	-2.2926
1.54	-2.2935
1.541	-2.2945
1.542	-2.2955
1.543	-2.2964
1.544	-2.2974
1.545	-2.2983
1.546	-2.2992
1.547	-2.3004
1.548	-2.3016
1.549	-2.303
1.55	-2.3042
1.551	-2.3053
1.552	-2.3063
1.553	-2.3074
1.554	-2.3087
1.555	-2.3097
1.556	-2.3107
1.557	-2.312
1.558	-2.3132
1.559	-2.3144
1.56	-2.3152
1.561	-2.3161
1.562	-2.3171
1.563	-2.3182
1.564	-2.3193
1.565	-2.3205
1.566	-2.3215
1.567	-2.3226
1.568	-2.3236
1.569	-2.3246
1.57	-2.3256
1.571	-2.3266
1.572	-2.3277
1.573	-2.3288
1.574	-2.3299
1.575	-2.331
1.576	-2.3322
1.577	-2.3333
1.578	-2.3345
1.579	-2.3356
1.58	-2.3368
1.581	-2.338
1.582	-2.3391
1.583	-2.3403
1.584	-2.3414
1.585	-2.3426
1.586	-2.3437
1.587	-2.3449
1.588	-2.3461
1.589	-2.3472
1.59	-2.3483
1.591	-2.3494
1.592	-2.3506
1.593	-2.3517
1.594	-2.3528
1.595	-2.3539
1.596	-2.355
1.597	-2.3561
1.598	-2.3572
1.599	-2.3583
1.6	-2.3594
1.601	-2.3604
1.602	-2.3615
1.603	-2.3626
1.604	-2.3637
1.605	-2.3648
1.606	-2.3659
1.607	-2.3669
1.608	-2.368
1.609	-2.3691
1.61	-2.3702
1.611	-2.3712
1.612	-2.3723
1.613	-2.3734
1.614	-2.3744
1.615	-2.3755
1.616	-2.3765
1.617	-2.3776
1.618	-2.3786
1.619	-2.3797
1.62	-2.3807
1.621	-2.3817
1.622	-2.3827
1.623	-2.3838
1.624	-2.3848
1.625	-2.3858
1.626	-2.3868
1.627	-2.3878
1.628	-2.3888
1.629	-2.3898
1.63	-2.3908
1.631	-2.3919
1.632	-2.393
1.633	-2.394
1.634	-2.395
1.635	-2.396
1.636	-2.397
1.637	-2.398
1.638	-2.3989
1.639	-2.3999
1.64	-2.4008
1.641	-2.4017
1.642	-2.4027
1.643	-2.4036
1.644	-2.4045
1.645	-2.4055
1.646	-2.4064
1.647	-2.4073
1.648	-2.4082
1.649	-2.4091
1.65	-2.41
1.651	-2.4109
1.652	-2.4118
1.653	-2.4126
1.654	-2.4135
1.655	-2.4144
1.656	-2.4153
1.657	-2.4161
1.658	-2.417
1.659	-2.4178
1.66	-2.4186
1.661	-2.4195
1.662	-2.4203
1.663	-2.4211
1.664	-2.4219
1.665	-2.4227
1.666	-2.4235
1.667	-2.4242
1.668	-2.425
1.669	-2.4258
1.67	-2.4265
1.671	-2.4273
1.672	-2.428
1.673	-2.4287
1.674	-2.4294
1.675	-2.4301
1.676	-2.4308
1.677	-2.4315
1.678	-2.4322
1.679	-2.4329
1.68	-2.4336
1.681	-2.4342
1.682	-2.4349
1.683	-2.4356
1.684	-2.4362
1.685	-2.4368
1.686	-2.4374
1.687	-2.4381
1.688	-2.4387
1.689	-2.4393
1.69	-2.4399
1.691	-2.4404
1.692	-2.441
1.693	-2.4416
1.694	-2.4421
1.695	-2.4427
1.696	-2.4432
1.697	-2.4437
1.698	-2.4442
1.699	-2.4447
1.7	-2.4452
1.701	-2.4457
1.702	-2.4462
1.703	-2.4467
1.704	-2.4471
1.705	-2.4476
1.706	-2.448
1.707	-2.4485
1.708	-2.4489
1.709	-2.4493
1.71	-2.4497
1.711	-2.4501
1.712	-2.4504
1.713	-2.4508
1.714	-2.4512
1.715	-2.4515
1.716	-2.4518
1.717	-2.4522
1.718	-2.4525
1.719	-2.4528
1.72	-2.4531
1.721	-2.4534
1.722	-2.4536
1.723	-2.4539
1.724	-2.4542
1.725	-2.4544
1.726	-2.4546
1.727	-2.4549
1.728	-2.4551
1.729	-2.4553
1.73	-2.4555
1.731	-2.4557
1.732	-2.4559
1.733	-2.456
1.734	-2.4562
1.735	-2.4563
1.736	-2.4565
1.737	-2.4566
1.738	-2.4567
1.739	-2.4569
1.74	-2.457
1.741	-2.4571
1.742	-2.4571
1.743	-2.4572
1.744	-2.4573
1.745	-2.4574
1.746	-2.4574
1.747	-2.4574
1.748	-2.4575
1.749	-2.4575
1.75	-2.4575
1.751	-2.4575
1.752	-2.4575
1.753	-2.4575
1.754	-2.4575
1.755	-2.4575
1.756	-2.4574
1.757	-2.4574
1.758	-2.4573
1.759	-2.4573
1.76	-2.4572
1.761	-2.4571
1.762	-2.457
1.763	-2.4569
1.764	-2.4568
1.765	-2.4567
1.766	-2.4566
1.767	-2.4565
1.768	-2.4563
1.769	-2.4562
1.77	-2.456
1.771	-2.4559
1.772	-2.4557
1.773	-2.4555
1.774	-2.4554
1.775	-2.4552
1.776	-2.455
1.777	-2.4548
1.778	-2.4545
1.779	-2.4543
1.78	-2.4541
1.781	-2.4539
1.782	-2.4536
1.783	-2.4534
1.784	-2.4531
1.785	-2.4528
1.786	-2.4525
1.787	-2.4523
1.788	-2.452
1.789	-2.4517
1.79	-2.4514
1.791	-2.4511
1.792	-2.4507
1.793	-2.4504
1.794	-2.4501
1.795	-2.4497
1.796	-2.4494
1.797	-2.449
1.798	-2.4487
1.799	-2.4483
1.8	-2.4479
1.801	-2.4475
1.802	-2.4471
1.803	-2.4467
1.804	-2.4463
1.805	-2.4459
1.806	-2.4455
1.807	-2.4451
1.808	-2.4446
1.809	-2.4442
1.81	-2.4437
1.811	-2.4433
1.812	-2.4428
1.813	-2.4424
1.814	-2.4419
1.815	-2.4414
1.816	-2.4409
1.817	-2.4404
1.818	-2.4399
1.819	-2.4394
1.82	-2.4389
1.821	-2.4384
1.822	-2.4379
1.823	-2.4373
1.824	-2.4368
1.825	-2.4362
1.826	-2.4357
1.827	-2.4351
1.828	-2.4346
1.829	-2.434
1.83	-2.4334
1.831	-2.4328
1.832	-2.4322
1.833	-2.4316
1.834	-2.431
1.835	-2.4304
1.836	-2.4298
1.837	-2.4292
1.838	-2.4286
1.839	-2.4279
1.84	-2.4273
1.841	-2.4267
1.842	-2.426
1.843	-2.4254
1.844	-2.4247
1.845	-2.424
1.846	-2.4234
1.847	-2.4227
1.848	-2.422
1.849	-2.4213
1.85	-2.4206
1.851	-2.4199
1.852	-2.4192
1.853	-2.4185
1.854	-2.4178
1.855	-2.417
1.856	-2.4163
1.857	-2.4156
1.858	-2.4148
1.859	-2.4141
1.86	-2.4133
1.861	-2.4126
1.862	-2.4118
1.863	-2.411
1.864	-2.4103
1.865	-2.4095
1.866	-2.4087
1.867	-2.4079
1.868	-2.4071
1.869	-2.4063
1.87	-2.4055
1.871	-2.4047
1.872	-2.4039
1.873	-2.4031
1.874	-2.4022
1.875	-2.4014
1.876	-2.4006
1.877	-2.3997
1.878	-2.3989
1.879	-2.398
1.88	-2.3971
1.881	-2.3963
1.882	-2.3954
1.883	-2.3945
1.884	-2.3937
1.885	-2.3928
1.886	-2.3919
1.887	-2.391
1.888	-2.3901
1.889	-2.3892
1.89	-2.3883
1.891	-2.3874
1.892	-2.3865
1.893	-2.3855
1.894	-2.3846
1.895	-2.3837
1.896	-2.3827
1.897	-2.3818
1.898	-2.3808
1.899	-2.3799
1.9	-2.3789
1.901	-2.3779
1.902	-2.377
1.903	-2.376
1.904	-2.375
1.905	-2.3741
1.906	-2.3731
1.907	-2.3721
1.908	-2.3711
1.909	-2.3701
1.91	-2.3691
1.911	-2.3681
1.912	-2.367
1.913	-2.366
1.914	-2.365
1.915	-2.3639
1.916	-2.3629
1.917	-2.3619
1.918	-2.3609
1.919	-2.3598
1.92	-2.3588
1.921	-2.3577
1.922	-2.3566
1.923	-2.3555
1.924	-2.3545
1.925	-2.3534
1.926	-2.3523
1.927	-2.3512
1.928	-2.3501
1.929	-2.349
1.93	-2.3479
1.931	-2.3468
1.932	-2.3457
1.933	-2.3446
1.934	-2.3435
1.935	-2.3423
1.936	-2.3412
1.937	-2.34
1.938	-2.3389
1.939	-2.3377
1.94	-2.3366
1.941	-2.3355
1.942	-2.3345
1.943	-2.3335
1.944	-2.3324
1.945	-2.3313
1.946	-2.3302
1.947	-2.329
1.948	-2.3278
1.949	-2.3264
1.95	-2.3251
1.951	-2.3238
1.952	-2.3225
1.953	-2.3214
1.954	-2.3204
1.955	-2.3194
1.956	-2.3186
1.957	-2.3178
1.958	-2.3169
1.959	-2.3158
1.96	-2.3146
1.961	-2.313
1.962	-2.3113
1.963	-2.3094
1.964	-2.3075
1.965	-2.3058
1.966	-2.3044
1.967	-2.3035
1.968	-2.3031
1.969	-2.3031
1.97	-2.3033
1.971	-2.3035
1.972	-2.3033
1.973	-2.3024
1.974	-2.3005
1.975	-2.2974
1.976	-2.2934
1.977	-2.2888
1.978	-2.2844
1.979	-2.2811
1.98	-2.2797
1.981	-2.2807
1.982	-2.2838
1.983	-2.2884
1.984	-2.2937
1.985	-2.2987
1.986	-2.302
1.987	-2.3023
1.988	-2.2982
1.989	-2.2879
1.99	-2.2716
1.991	-2.2515
1.992	-2.2327
1.993	-2.2252
1.994	-2.2283
1.995	-2.2338
1.996	-2.2593
1.997	-2.2871
1.998	-2.3129
1.999	-2.3309
2	-2.3435
