0	-0.0002219
0.001	-4.75e-05
0.002	7.03e-05
0.003	0.0001278
0.004	0.0001493
0.005	0.0001517
0.006	0.0001453
0.007	0.0001353
0.008	0.0001247
0.009	0.0001147
0.01	0.0001058
0.011	9.84e-05
0.012	9.22e-05
0.013	8.71e-05
0.014	8.29e-05
0.015	7.96e-05
0.016	7.7e-05
0.017	7.48e-05
0.018	7.31e-05
0.019	7.18e-05
0.02	7.07e-05
0.021	6.98e-05
0.022	6.92e-05
0.023	6.86e-05
0.024	6.82e-05
0.025	6.78e-05
0.026	6.76e-05
0.027	6.73e-05
0.028	6.72e-05
0.029	6.7e-05
0.03	6.69e-05
0.031	6.68e-05
0.032	6.67e-05
0.033	6.66e-05
0.034	6.66e-05
0.035	6.65e-05
0.036	6.65e-05
0.037	6.65e-05
0.038	6.64e-05
0.039	6.64e-05
0.04	6.64e-05
0.041	6.63e-05
0.042	6.63e-05
0.043	6.63e-05
0.044	6.63e-05
0.045	6.61e-05
0.046	6.6e-05
0.047	6.58e-05
0.048	6.56e-05
0.049	6.54e-05
0.05	6.52e-05
0.051	6.5e-05
0.052	6.48e-05
0.053	6.46e-05
0.054	6.44e-05
0.055	6.42e-05
0.056	6.4e-05
0.057	6.38e-05
0.058	6.36e-05
0.059	6.34e-05
0.06	6.32e-05
0.061	6.3e-05
0.062	6.28e-05
0.063	6.26e-05
0.064	6.24e-05
0.065	6.21e-05
0.066	6.19e-05
0.067	6.17e-05
0.068	6.15e-05
0.069	6.12e-05
0.07	6.1e-05
0.071	6.08e-05
0.072	6.05e-05
0.073	6.03e-05
0.074	6.01e-05
0.075	5.98e-05
0.076	5.96e-05
0.077	5.94e-05
0.078	5.91e-05
0.079	5.89e-05
0.08	5.87e-05
0.081	5.84e-05
0.082	5.82e-05
0.083	5.8e-05
0.084	5.77e-05
0.085	5.75e-05
0.086	5.72e-05
0.087	5.7e-05
0.088	5.68e-05
0.089	5.65e-05
0.09	5.63e-05
0.091	5.61e-05
0.092	5.58e-05
0.093	5.56e-05
0.094	5.54e-05
0.095	5.51e-05
0.096	5.49e-05
0.097	5.47e-05
0.098	5.44e-05
0.099	5.42e-05
0.1	5.4e-05
0.101	5.38e-05
0.102	5.35e-05
0.103	5.33e-05
0.104	5.31e-05
0.105	5.29e-05
0.106	5.27e-05
0.107	5.25e-05
0.108	5.23e-05
0.109	5.21e-05
0.11	5.19e-05
0.111	5.17e-05
0.112	5.15e-05
0.113	5.13e-05
0.114	5.11e-05
0.115	5.09e-05
0.116	5.07e-05
0.117	5.06e-05
0.118	5.04e-05
0.119	5.02e-05
0.12	5e-05
0.121	4.99e-05
0.122	4.97e-05
0.123	4.95e-05
0.124	4.93e-05
0.125	4.92e-05
0.126	4.9e-05
0.127	4.89e-05
0.128	4.87e-05
0.129	4.86e-05
0.13	4.85e-05
0.131	4.85e-05
0.132	4.85e-05
0.133	4.87e-05
0.134	4.94e-05
0.135	5.1e-05
0.136	5.57e-05
0.137	4.22e-05
0.138	3.15e-05
0.139	3.02e-05
0.14	3.04e-05
0.141	3.13e-05
0.142	3.24e-05
0.143	3.35e-05
0.144	3.44e-05
0.145	3.52e-05
0.146	3.58e-05
0.147	3.62e-05
0.148	3.65e-05
0.149	3.68e-05
0.15	3.69e-05
0.151	3.7e-05
0.152	3.7e-05
0.153	3.7e-05
0.154	3.69e-05
0.155	3.67e-05
0.156	3.65e-05
0.157	3.62e-05
0.158	3.59e-05
0.159	3.56e-05
0.16	3.52e-05
0.161	3.47e-05
0.162	3.41e-05
0.163	3.35e-05
0.164	3.27e-05
0.165	3.19e-05
0.166	3.08e-05
0.167	2.96e-05
0.168	2.81e-05
0.169	2.63e-05
0.17	2.4e-05
0.171	2.12e-05
0.172	1.77e-05
0.173	1.34e-05
0.174	9.9e-06
0.175	8.6e-06
0.176	1.27e-05
0.177	2.79e-05
0.178	4.15e-05
0.179	5.46e-05
0.18	5.95e-05
0.181	6.03e-05
0.182	5.96e-05
0.183	5.82e-05
0.184	5.67e-05
0.185	5.52e-05
0.186	5.38e-05
0.187	5.25e-05
0.188	5.14e-05
0.189	5.04e-05
0.19	4.96e-05
0.191	4.88e-05
0.192	4.82e-05
0.193	4.76e-05
0.194	4.71e-05
0.195	4.67e-05
0.196	4.63e-05
0.197	4.6e-05
0.198	4.57e-05
0.199	4.55e-05
0.2	4.53e-05
0.201	4.51e-05
0.202	4.5e-05
0.203	4.48e-05
0.204	4.47e-05
0.205	4.46e-05
0.206	4.46e-05
0.207	4.46e-05
0.208	4.46e-05
0.209	4.48e-05
0.21	4.49e-05
0.211	4.51e-05
0.212	4.54e-05
0.213	4.58e-05
0.214	4.62e-05
0.215	4.68e-05
0.216	4.75e-05
0.217	4.84e-05
0.218	4.96e-05
0.219	5.1e-05
0.22	5.29e-05
0.221	5.5e-05
0.222	5.67e-05
0.223	5.27e-05
0.224	5.28e-05
0.225	4.65e-05
0.226	3.25e-05
0.227	4.33e-05
0.228	3.25e-05
0.229	2.42e-05
0.23	1.82e-05
0.231	1.43e-05
0.232	1.2e-05
0.233	1.08e-05
0.234	1.03e-05
0.235	1.04e-05
0.236	1.08e-05
0.237	1.13e-05
0.238	1.2e-05
0.239	1.27e-05
0.24	1.33e-05
0.241	1.4e-05
0.242	1.46e-05
0.243	1.52e-05
0.244	1.57e-05
0.245	1.62e-05
0.246	1.67e-05
0.247	1.71e-05
0.248	1.74e-05
0.249	1.78e-05
0.25	1.8e-05
0.251	1.83e-05
0.252	1.85e-05
0.253	1.87e-05
0.254	1.89e-05
0.255	1.91e-05
0.256	1.92e-05
0.257	1.93e-05
0.258	1.94e-05
0.259	1.95e-05
0.26	1.96e-05
0.261	1.97e-05
0.262	1.97e-05
0.263	1.98e-05
0.264	1.98e-05
0.265	1.98e-05
0.266	1.98e-05
0.267	1.98e-05
0.268	1.99e-05
0.269	1.98e-05
0.27	1.98e-05
0.271	1.98e-05
0.272	1.98e-05
0.273	1.98e-05
0.274	1.98e-05
0.275	1.97e-05
0.276	1.97e-05
0.277	1.96e-05
0.278	1.96e-05
0.279	1.95e-05
0.28	1.95e-05
0.281	1.94e-05
0.282	1.93e-05
0.283	1.93e-05
0.284	1.92e-05
0.285	1.91e-05
0.286	1.9e-05
0.287	1.89e-05
0.288	1.89e-05
0.289	1.88e-05
0.29	1.87e-05
0.291	1.86e-05
0.292	1.84e-05
0.293	1.83e-05
0.294	1.82e-05
0.295	1.81e-05
0.296	1.79e-05
0.297	1.78e-05
0.298	1.76e-05
0.299	1.75e-05
0.3	1.73e-05
0.301	1.72e-05
0.302	1.7e-05
0.303	1.68e-05
0.304	1.66e-05
0.305	1.64e-05
0.306	1.62e-05
0.307	1.6e-05
0.308	1.58e-05
0.309	1.56e-05
0.31	1.53e-05
0.311	1.51e-05
0.312	1.48e-05
0.313	1.46e-05
0.314	1.43e-05
0.315	1.4e-05
0.316	1.37e-05
0.317	1.34e-05
0.318	1.31e-05
0.319	1.27e-05
0.32	1.24e-05
0.321	1.2e-05
0.322	1.16e-05
0.323	1.12e-05
0.324	1.08e-05
0.325	1.04e-05
0.326	9.9e-06
0.327	9.4e-06
0.328	8.9e-06
0.329	8.4e-06
0.33	7.9e-06
0.331	7.4e-06
0.332	6.8e-06
0.333	6.2e-06
0.334	5.6e-06
0.335	4.9e-06
0.336	4.3e-06
0.337	3.6e-06
0.338	2.9e-06
0.339	2.2e-06
0.34	1.4e-06
0.341	7e-07
0.342	-1e-07
0.343	-9e-07
0.344	-1.7e-06
0.345	-2.5e-06
0.346	-3.3e-06
0.347	-4.1e-06
0.348	-4.8e-06
0.349	-5.5e-06
0.35	-6.1e-06
0.351	-6.5e-06
0.352	-6.8e-06
0.353	-6.7e-06
0.354	-6.1e-06
0.355	-4.8e-06
0.356	-2.7e-06
0.357	7.2e-06
0.358	2.05e-05
0.359	2.08e-05
0.36	1.69e-05
0.361	1.23e-05
0.362	8.1e-06
0.363	4.6e-06
0.364	2e-06
0.365	1e-07
0.366	-1.3e-06
0.367	-2.1e-06
0.368	-2.5e-06
0.369	-2.5e-06
0.37	1e-07
0.371	4e-06
0.372	8.3e-06
0.373	1.31e-05
0.374	1.88e-05
0.375	2.29e-05
0.376	2.32e-05
0.377	2.38e-05
0.378	2.48e-05
0.379	2.61e-05
0.38	2.77e-05
0.381	2.96e-05
0.382	3.17e-05
0.383	3.38e-05
0.384	3.6e-05
0.385	3.8e-05
0.386	3.99e-05
0.387	4.15e-05
0.388	4.29e-05
0.389	4.41e-05
0.39	4.5e-05
0.391	4.55e-05
0.392	4.58e-05
0.393	4.58e-05
0.394	4.55e-05
0.395	4.48e-05
0.396	4.38e-05
0.397	4.22e-05
0.398	4.02e-05
0.399	3.87e-05
0.4	3.84e-05
0.401	3.94e-05
0.402	4.11e-05
0.403	4.31e-05
0.404	4.53e-05
0.405	4.74e-05
0.406	4.93e-05
0.407	5.1e-05
0.408	5.26e-05
0.409	5.39e-05
0.41	5.51e-05
0.411	5.61e-05
0.412	5.7e-05
0.413	5.78e-05
0.414	5.85e-05
0.415	5.92e-05
0.416	5.97e-05
0.417	6.02e-05
0.418	6.06e-05
0.419	6.1e-05
0.42	6.14e-05
0.421	6.17e-05
0.422	6.19e-05
0.423	6.22e-05
0.424	6.24e-05
0.425	6.26e-05
0.426	6.28e-05
0.427	6.3e-05
0.428	6.31e-05
0.429	6.32e-05
0.43	6.34e-05
0.431	6.35e-05
0.432	6.36e-05
0.433	6.37e-05
0.434	6.38e-05
0.435	6.38e-05
0.436	6.39e-05
0.437	6.4e-05
0.438	6.4e-05
0.439	6.41e-05
0.44	6.42e-05
0.441	6.43e-05
0.442	6.43e-05
0.443	6.44e-05
0.444	6.45e-05
0.445	6.45e-05
0.446	6.46e-05
0.447	6.47e-05
0.448	6.47e-05
0.449	6.48e-05
0.45	6.48e-05
0.451	6.49e-05
0.452	6.49e-05
0.453	6.5e-05
0.454	6.5e-05
0.455	6.51e-05
0.456	6.51e-05
0.457	6.52e-05
0.458	6.52e-05
0.459	6.53e-05
0.46	6.53e-05
0.461	6.54e-05
0.462	6.54e-05
0.463	6.55e-05
0.464	6.55e-05
0.465	6.56e-05
0.466	6.56e-05
0.467	6.56e-05
0.468	6.57e-05
0.469	6.57e-05
0.47	6.57e-05
0.471	6.58e-05
0.472	6.58e-05
0.473	6.58e-05
0.474	6.58e-05
0.475	6.58e-05
0.476	6.57e-05
0.477	6.78e-05
0.478	6.8e-05
0.479	6.8e-05
0.48	6.78e-05
0.481	6.77e-05
0.482	6.77e-05
0.483	6.77e-05
0.484	6.77e-05
0.485	6.77e-05
0.486	6.78e-05
0.487	6.78e-05
0.488	6.79e-05
0.489	6.8e-05
0.49	6.81e-05
0.491	6.82e-05
0.492	6.84e-05
0.493	6.85e-05
0.494	6.86e-05
0.495	6.87e-05
0.496	6.89e-05
0.497	6.9e-05
0.498	6.91e-05
0.499	6.93e-05
0.5	6.94e-05
0.501	6.96e-05
0.502	6.97e-05
0.503	6.98e-05
0.504	7e-05
0.505	7.01e-05
0.506	7.03e-05
0.507	7.04e-05
0.508	7.06e-05
0.509	7.07e-05
0.51	7.08e-05
0.511	7.1e-05
0.512	7.11e-05
0.513	7.13e-05
0.514	7.14e-05
0.515	7.16e-05
0.516	7.17e-05
0.517	7.19e-05
0.518	7.2e-05
0.519	7.22e-05
0.52	7.23e-05
0.521	7.25e-05
0.522	7.26e-05
0.523	7.28e-05
0.524	7.3e-05
0.525	7.31e-05
0.526	7.33e-05
0.527	7.34e-05
0.528	7.36e-05
0.529	7.37e-05
0.53	7.39e-05
0.531	7.4e-05
0.532	7.42e-05
0.533	7.44e-05
0.534	7.45e-05
0.535	7.47e-05
0.536	7.48e-05
0.537	7.5e-05
0.538	7.52e-05
0.539	7.53e-05
0.54	7.55e-05
0.541	7.56e-05
0.542	7.58e-05
0.543	7.6e-05
0.544	7.61e-05
0.545	7.63e-05
0.546	7.65e-05
0.547	7.66e-05
0.548	7.68e-05
0.549	7.7e-05
0.55	7.71e-05
0.551	7.73e-05
0.552	7.74e-05
0.553	7.76e-05
0.554	7.78e-05
0.555	7.79e-05
0.556	7.81e-05
0.557	7.83e-05
0.558	7.84e-05
0.559	7.86e-05
0.56	7.88e-05
0.561	7.89e-05
0.562	7.91e-05
0.563	7.93e-05
0.564	7.94e-05
0.565	7.96e-05
0.566	7.98e-05
0.567	7.99e-05
0.568	8.01e-05
0.569	8.03e-05
0.57	8.04e-05
0.571	8.06e-05
0.572	8.08e-05
0.573	8.09e-05
0.574	8.11e-05
0.575	8.13e-05
0.576	8.15e-05
0.577	8.16e-05
0.578	8.18e-05
0.579	8.2e-05
0.58	8.21e-05
0.581	8.23e-05
0.582	8.25e-05
0.583	8.26e-05
0.584	8.28e-05
0.585	8.3e-05
0.586	8.31e-05
0.587	8.33e-05
0.588	8.35e-05
0.589	8.36e-05
0.59	8.38e-05
0.591	8.4e-05
0.592	8.41e-05
0.593	8.43e-05
0.594	8.45e-05
0.595	8.46e-05
0.596	8.48e-05
0.597	8.5e-05
0.598	8.51e-05
0.599	8.53e-05
0.6	8.55e-05
0.601	8.56e-05
0.602	8.58e-05
0.603	8.6e-05
0.604	8.61e-05
0.605	8.63e-05
0.606	8.65e-05
0.607	8.66e-05
0.608	8.68e-05
0.609	8.69e-05
0.61	8.71e-05
0.611	8.73e-05
0.612	8.74e-05
0.613	8.76e-05
0.614	8.78e-05
0.615	8.79e-05
0.616	8.81e-05
0.617	8.83e-05
0.618	8.84e-05
0.619	8.86e-05
0.62	8.87e-05
0.621	8.89e-05
0.622	8.91e-05
0.623	8.92e-05
0.624	8.94e-05
0.625	8.95e-05
0.626	8.97e-05
0.627	8.99e-05
0.628	9e-05
0.629	9.02e-05
0.63	9.04e-05
0.631	9.05e-05
0.632	9.07e-05
0.633	9.08e-05
0.634	9.1e-05
0.635	9.12e-05
0.636	9.13e-05
0.637	9.15e-05
0.638	9.16e-05
0.639	9.18e-05
0.64	9.2e-05
0.641	9.21e-05
0.642	9.23e-05
0.643	9.24e-05
0.644	9.26e-05
0.645	9.27e-05
0.646	9.29e-05
0.647	9.31e-05
0.648	9.32e-05
0.649	9.34e-05
0.65	9.35e-05
0.651	9.37e-05
0.652	9.38e-05
0.653	9.4e-05
0.654	9.42e-05
0.655	9.43e-05
0.656	9.45e-05
0.657	9.46e-05
0.658	9.48e-05
0.659	9.49e-05
0.66	9.51e-05
0.661	9.52e-05
0.662	9.54e-05
0.663	9.55e-05
0.664	9.57e-05
0.665	9.58e-05
0.666	9.6e-05
0.667	9.62e-05
0.668	9.63e-05
0.669	9.65e-05
0.67	9.66e-05
0.671	9.68e-05
0.672	9.69e-05
0.673	9.7e-05
0.674	9.72e-05
0.675	9.73e-05
0.676	9.75e-05
0.677	9.76e-05
0.678	9.78e-05
0.679	9.79e-05
0.68	9.81e-05
0.681	9.82e-05
0.682	9.84e-05
0.683	9.85e-05
0.684	9.86e-05
0.685	9.88e-05
0.686	9.89e-05
0.687	9.91e-05
0.688	9.92e-05
0.689	9.93e-05
0.69	9.95e-05
0.691	9.96e-05
0.692	9.97e-05
0.693	9.99e-05
0.694	0.0001
0.695	0.0001001
0.696	0.0001003
0.697	0.0001004
0.698	0.0001005
0.699	0.0001006
0.7	0.0001008
0.701	0.0001009
0.702	0.000101
0.703	0.0001011
0.704	0.0001012
0.705	0.0001014
0.706	0.0001015
0.707	0.0001016
0.708	0.0001017
0.709	0.0001018
0.71	0.0001019
0.711	0.000102
0.712	0.0001021
0.713	0.0001022
0.714	0.0001022
0.715	0.0001023
0.716	0.0001024
0.717	0.0001025
0.718	0.0001025
0.719	0.0001026
0.72	0.0001026
0.721	0.0001026
0.722	0.0001054
0.723	0.0001075
0.724	0.0001088
0.725	0.0001097
0.726	0.0001104
0.727	0.000111
0.728	0.0001115
0.729	0.000112
0.73	0.0001124
0.731	0.0001128
0.732	0.0001131
0.733	0.0001135
0.734	0.0001138
0.735	0.0001141
0.736	0.0001143
0.737	0.0001146
0.738	0.0001149
0.739	0.0001151
0.74	0.0001154
0.741	0.0001156
0.742	0.0001159
0.743	0.0001161
0.744	0.0001164
0.745	0.0001166
0.746	0.0001169
0.747	0.0001171
0.748	0.0001173
0.749	0.0001176
0.75	0.0001178
0.751	0.0001181
0.752	0.0001183
0.753	0.0001186
0.754	0.0001188
0.755	0.000119
0.756	0.0001193
0.757	0.0001195
0.758	0.0001198
0.759	0.00012
0.76	0.0001203
0.761	0.0001205
0.762	0.0001208
0.763	0.000121
0.764	0.0001213
0.765	0.0001215
0.766	0.0001218
0.767	0.000122
0.768	0.0001223
0.769	0.0001225
0.77	0.0001228
0.771	0.000123
0.772	0.0001233
0.773	0.0001235
0.774	0.0001238
0.775	0.000124
0.776	0.0001243
0.777	0.0001245
0.778	0.0001248
0.779	0.0001251
0.78	0.0001253
0.781	0.0001256
0.782	0.0001258
0.783	0.0001261
0.784	0.0001263
0.785	0.0001266
0.786	0.0001269
0.787	0.0001271
0.788	0.0001274
0.789	0.0001276
0.79	0.0001279
0.791	0.0001282
0.792	0.0001284
0.793	0.0001287
0.794	0.0001289
0.795	0.0001292
0.796	0.0001295
0.797	0.0001297
0.798	0.00013
0.799	0.0001303
0.8	0.0001305
0.801	0.0001308
0.802	0.0001311
0.803	0.0001313
0.804	0.0001316
0.805	0.0001318
0.806	0.0001321
0.807	0.0001324
0.808	0.0001326
0.809	0.0001329
0.81	0.0001332
0.811	0.0001334
0.812	0.0001337
0.813	0.000134
0.814	0.0001342
0.815	0.0001345
0.816	0.0001348
0.817	0.000135
0.818	0.0001353
0.819	0.0001356
0.82	0.0001358
0.821	0.0001361
0.822	0.0001364
0.823	0.0001366
0.824	0.0001369
0.825	0.0001372
0.826	0.0001374
0.827	0.0001377
0.828	0.000138
0.829	0.0001382
0.83	0.0001385
0.831	0.0001388
0.832	0.000139
0.833	0.0001393
0.834	0.0001396
0.835	0.0001398
0.836	0.0001401
0.837	0.0001404
0.838	0.0001406
0.839	0.0001409
0.84	0.0001411
0.841	0.0001414
0.842	0.0001417
0.843	0.0001419
0.844	0.0001422
0.845	0.0001424
0.846	0.0001427
0.847	0.000143
0.848	0.0001432
0.849	0.0001435
0.85	0.0001437
0.851	0.000144
0.852	0.0001442
0.853	0.0001445
0.854	0.0001447
0.855	0.000145
0.856	0.0001452
0.857	0.0001455
0.858	0.0001457
0.859	0.000146
0.86	0.0001462
0.861	0.0001465
0.862	0.0001467
0.863	0.0001469
0.864	0.0001472
0.865	0.0001474
0.866	0.0001476
0.867	0.0001479
0.868	0.0001481
0.869	0.0001483
0.87	0.0001486
0.871	0.0001488
0.872	0.000149
0.873	0.0001492
0.874	0.0001495
0.875	0.0001497
0.876	0.0001499
0.877	0.0001501
0.878	0.0001503
0.879	0.0001505
0.88	0.0001507
0.881	0.0001509
0.882	0.0001511
0.883	0.0001513
0.884	0.0001515
0.885	0.0001517
0.886	0.0001519
0.887	0.000152
0.888	0.0001522
0.889	0.0001524
0.89	0.0001526
0.891	0.0001527
0.892	0.0001529
0.893	0.000153
0.894	0.0001532
0.895	0.0001533
0.896	0.0001535
0.897	0.0001536
0.898	0.0001538
0.899	0.0001539
0.9	0.000154
0.901	0.0001541
0.902	0.0001542
0.903	0.0001543
0.904	0.0001544
0.905	0.0001545
0.906	0.0001546
0.907	0.0001547
0.908	0.0001548
0.909	0.0001548
0.91	0.0001549
0.911	0.0001549
0.912	0.000155
0.913	0.000155
0.914	0.000155
0.915	0.0001551
0.916	0.0001551
0.917	0.0001551
0.918	0.0001551
0.919	0.000155
0.92	0.000155
0.921	0.000155
0.922	0.0001549
0.923	0.0001549
0.924	0.0001548
0.925	0.0001547
0.926	0.0001546
0.927	0.0001545
0.928	0.0001544
0.929	0.0001542
0.93	0.0001541
0.931	0.0001539
0.932	0.0001537
0.933	0.0001535
0.934	0.0001533
0.935	0.0001531
0.936	0.0001528
0.937	0.0001526
0.938	0.0001523
0.939	0.000152
0.94	0.0001517
0.941	0.0001513
0.942	0.000151
0.943	0.0001506
0.944	0.0001502
0.945	0.0001498
0.946	0.0001493
0.947	0.0001488
0.948	0.0001483
0.949	0.0001478
0.95	0.0001473
0.951	0.0001467
0.952	0.0001461
0.953	0.0001455
0.954	0.0001448
0.955	0.0001441
0.956	0.0001434
0.957	0.0001426
0.958	0.0001418
0.959	0.000141
0.96	0.0001401
0.961	0.0001392
0.962	0.0001383
0.963	0.0001373
0.964	0.0001363
0.965	0.0001352
0.966	0.0001341
0.967	0.000133
0.968	0.0001318
0.969	0.0001305
0.97	0.0001292
0.971	0.0001278
0.972	0.0001264
0.973	0.000125
0.974	0.0001234
0.975	0.0001219
0.976	0.0001202
0.977	0.0001185
0.978	0.0001167
0.979	0.0001149
0.98	0.000113
0.981	0.000111
0.982	0.0001089
0.983	0.0001068
0.984	0.0001046
0.985	0.0001023
0.986	9.99e-05
0.987	9.74e-05
0.988	9.49e-05
0.989	9.22e-05
0.99	8.94e-05
0.991	8.66e-05
0.992	8.36e-05
0.993	8.06e-05
0.994	7.74e-05
0.995	7.41e-05
0.996	7.07e-05
0.997	6.72e-05
0.998	6.35e-05
0.999	5.97e-05
1	5.58e-05
1.001	5.28e-05
1.002	5.25e-05
1.003	5.58e-05
1.004	6.3e-05
1.005	7.46e-05
1.006	9.06e-05
1.007	0.0001112
1.008	0.0001364
1.009	0.0001661
1.01	0.0002005
1.011	0.0002395
1.012	0.0002831
1.013	0.0003313
1.014	0.000384
1.015	0.0004413
1.016	0.0005054
1.017	0.0005793
1.018	0.0006597
1.019	0.000745
1.02	0.000834
1.021	0.0009259
1.022	0.0010199
1.023	0.0011152
1.024	0.0012113
1.025	0.0013078
1.026	0.0014046
1.027	0.0015019
1.028	0.0016019
1.029	0.0017309
1.03	0.0018774
1.031	0.0020426
1.032	0.0022145
1.033	0.0023923
1.034	0.0025765
1.035	0.0027671
1.036	0.0029641
1.037	0.0031671
1.038	0.0033775
1.039	0.0035809
1.04	0.0037712
1.041	0.0039572
1.042	0.0042102
1.043	0.0043262
1.044	0.0045145
1.045	0.0047164
1.046	0.0049439
1.047	0.0051728
1.048	0.0054143
1.049	0.0056719
1.05	0.0059442
1.051	0.0062263
1.052	0.006494
1.053	0.006752
1.054	0.0069925
1.055	0.0072346
1.056	0.0074834
1.057	0.0077403
1.058	0.0080052
1.059	0.0082776
1.06	0.008557
1.061	0.008843
1.062	0.0091351
1.063	0.0094332
1.064	0.0097371
1.065	0.010047
1.066	0.010362
1.067	0.010682
1.068	0.011009
1.069	0.011341
1.07	0.011678
1.071	0.01202
1.072	0.012363
1.073	0.012709
1.074	0.013057
1.075	0.01341
1.076	0.013766
1.077	0.014126
1.078	0.014491
1.079	0.014859
1.08	0.015233
1.081	0.015611
1.082	0.015994
1.083	0.016381
1.084	0.016773
1.085	0.01717
1.086	0.017572
1.087	0.017978
1.088	0.01839
1.089	0.018806
1.09	0.019227
1.091	0.019654
1.092	0.020085
1.093	0.020521
1.094	0.020962
1.095	0.021408
1.096	0.021859
1.097	0.022315
1.098	0.022776
1.099	0.023242
1.1	0.023713
1.101	0.024189
1.102	0.02467
1.103	0.025156
1.104	0.025647
1.105	0.026142
1.106	0.026643
1.107	0.027149
1.108	0.027659
1.109	0.028175
1.11	0.028695
1.111	0.02922
1.112	0.02975
1.113	0.030285
1.114	0.030825
1.115	0.03137
1.116	0.03192
1.117	0.032474
1.118	0.033033
1.119	0.033598
1.12	0.034167
1.121	0.034741
1.122	0.035319
1.123	0.035903
1.124	0.036491
1.125	0.037084
1.126	0.037682
1.127	0.038285
1.128	0.038893
1.129	0.039505
1.13	0.040122
1.131	0.040744
1.132	0.04137
1.133	0.042002
1.134	0.042638
1.135	0.043279
1.136	0.043924
1.137	0.044575
1.138	0.04523
1.139	0.04589
1.14	0.046554
1.141	0.047223
1.142	0.047897
1.143	0.048576
1.144	0.049259
1.145	0.049947
1.146	0.050639
1.147	0.051337
1.148	0.052039
1.149	0.052745
1.15	0.053456
1.151	0.054172
1.152	0.054893
1.153	0.055618
1.154	0.056348
1.155	0.057082
1.156	0.057821
1.157	0.058565
1.158	0.059313
1.159	0.060066
1.16	0.060824
1.161	0.061586
1.162	0.062352
1.163	0.063123
1.164	0.063899
1.165	0.064679
1.166	0.065464
1.167	0.066254
1.168	0.067047
1.169	0.067846
1.17	0.068649
1.171	0.069457
1.172	0.070269
1.173	0.071085
1.174	0.071906
1.175	0.072732
1.176	0.073562
1.177	0.074397
1.178	0.075236
1.179	0.07608
1.18	0.076928
1.181	0.07778
1.182	0.078637
1.183	0.079499
1.184	0.080359
1.185	0.081222
1.186	0.082089
1.187	0.08296
1.188	0.083836
1.189	0.084716
1.19	0.085601
1.191	0.08649
1.192	0.087384
1.193	0.088283
1.194	0.089186
1.195	0.090093
1.196	0.091005
1.197	0.091922
1.198	0.092843
1.199	0.093769
1.2	0.094699
1.201	0.095633
1.202	0.096572
1.203	0.097515
1.204	0.098463
1.205	0.099416
1.206	0.10037
1.207	0.10133
1.208	0.1023
1.209	0.10327
1.21	0.10424
1.211	0.10522
1.212	0.1062
1.213	0.10719
1.214	0.10818
1.215	0.10918
1.216	0.11018
1.217	0.11118
1.218	0.11219
1.219	0.1132
1.22	0.11422
1.221	0.11524
1.222	0.11626
1.223	0.11729
1.224	0.11832
1.225	0.11935
1.226	0.12039
1.227	0.12144
1.228	0.12249
1.229	0.12354
1.23	0.1246
1.231	0.12567
1.232	0.12673
1.233	0.1278
1.234	0.12888
1.235	0.12996
1.236	0.13105
1.237	0.13214
1.238	0.13323
1.239	0.13433
1.24	0.13543
1.241	0.13654
1.242	0.13765
1.243	0.13876
1.244	0.13988
1.245	0.141
1.246	0.14213
1.247	0.14326
1.248	0.1444
1.249	0.14554
1.25	0.14668
1.251	0.14783
1.252	0.14898
1.253	0.15013
1.254	0.15129
1.255	0.15246
1.256	0.15363
1.257	0.1548
1.258	0.15598
1.259	0.15716
1.26	0.15834
1.261	0.15953
1.262	0.16072
1.263	0.16192
1.264	0.16312
1.265	0.16433
1.266	0.16554
1.267	0.16675
1.268	0.16797
1.269	0.16919
1.27	0.17042
1.271	0.17165
1.272	0.17288
1.273	0.17412
1.274	0.17536
1.275	0.17661
1.276	0.17786
1.277	0.17911
1.278	0.18037
1.279	0.18163
1.28	0.1829
1.281	0.18417
1.282	0.18544
1.283	0.18672
1.284	0.188
1.285	0.18929
1.286	0.19058
1.287	0.19187
1.288	0.19317
1.289	0.19447
1.29	0.19578
1.291	0.19709
1.292	0.1984
1.293	0.19972
1.294	0.20104
1.295	0.20237
1.296	0.20369
1.297	0.20503
1.298	0.20636
1.299	0.20771
1.3	0.20905
1.301	0.2104
1.302	0.21175
1.303	0.21311
1.304	0.21447
1.305	0.21583
1.306	0.2172
1.307	0.21857
1.308	0.21995
1.309	0.22133
1.31	0.22271
1.311	0.2241
1.312	0.22549
1.313	0.22688
1.314	0.22828
1.315	0.22969
1.316	0.23109
1.317	0.2325
1.318	0.23392
1.319	0.23533
1.32	0.23676
1.321	0.23818
1.322	0.23961
1.323	0.24104
1.324	0.24248
1.325	0.24392
1.326	0.24536
1.327	0.24681
1.328	0.24826
1.329	0.24972
1.33	0.25117
1.331	0.25264
1.332	0.2541
1.333	0.25557
1.334	0.25704
1.335	0.25852
1.336	0.26
1.337	0.26148
1.338	0.26297
1.339	0.26446
1.34	0.26595
1.341	0.26745
1.342	0.26895
1.343	0.27046
1.344	0.27197
1.345	0.27348
1.346	0.275
1.347	0.27652
1.348	0.27804
1.349	0.27957
1.35	0.2811
1.351	0.28263
1.352	0.28417
1.353	0.28571
1.354	0.28725
1.355	0.2888
1.356	0.29035
1.357	0.29191
1.358	0.29347
1.359	0.29503
1.36	0.2966
1.361	0.29817
1.362	0.29974
1.363	0.30132
1.364	0.3029
1.365	0.30448
1.366	0.30607
1.367	0.30766
1.368	0.30925
1.369	0.31085
1.37	0.31245
1.371	0.31405
1.372	0.31566
1.373	0.31727
1.374	0.31889
1.375	0.32051
1.376	0.32213
1.377	0.32375
1.378	0.32537
1.379	0.32698
1.38	0.3286
1.381	0.33023
1.382	0.33185
1.383	0.33348
1.384	0.33512
1.385	0.33675
1.386	0.33839
1.387	0.34003
1.388	0.34168
1.389	0.34332
1.39	0.34497
1.391	0.34663
1.392	0.34828
1.393	0.34994
1.394	0.35161
1.395	0.35327
1.396	0.35494
1.397	0.35661
1.398	0.35829
1.399	0.35997
1.4	0.36165
1.401	0.36333
1.402	0.36502
1.403	0.36671
1.404	0.3684
1.405	0.3701
1.406	0.3718
1.407	0.3735
1.408	0.3752
1.409	0.37691
1.41	0.37862
1.411	0.38034
1.412	0.38205
1.413	0.38377
1.414	0.38549
1.415	0.38722
1.416	0.38894
1.417	0.39067
1.418	0.39241
1.419	0.39414
1.42	0.39588
1.421	0.39762
1.422	0.39937
1.423	0.40112
1.424	0.40287
1.425	0.40462
1.426	0.40638
1.427	0.40814
1.428	0.4099
1.429	0.41166
1.43	0.41343
1.431	0.4152
1.432	0.41697
1.433	0.41874
1.434	0.42052
1.435	0.4223
1.436	0.42408
1.437	0.42586
1.438	0.42765
1.439	0.42944
1.44	0.43124
1.441	0.43303
1.442	0.43483
1.443	0.43663
1.444	0.43844
1.445	0.44024
1.446	0.44206
1.447	0.44387
1.448	0.44569
1.449	0.44751
1.45	0.44933
1.451	0.45116
1.452	0.45299
1.453	0.45481
1.454	0.45664
1.455	0.45848
1.456	0.46031
1.457	0.46218
1.458	0.46401
1.459	0.46585
1.46	0.46769
1.461	0.46953
1.462	0.47138
1.463	0.47324
1.464	0.4751
1.465	0.47696
1.466	0.47882
1.467	0.48069
1.468	0.48255
1.469	0.48443
1.47	0.4863
1.471	0.48817
1.472	0.49004
1.473	0.49192
1.474	0.4938
1.475	0.49569
1.476	0.49759
1.477	0.49949
1.478	0.50139
1.479	0.5033
1.48	0.5052
1.481	0.5071
1.482	0.50901
1.483	0.51091
1.484	0.51281
1.485	0.51473
1.486	0.51665
1.487	0.51858
1.488	0.5205
1.489	0.52243
1.49	0.52436
1.491	0.52628
1.492	0.52821
1.493	0.53014
1.494	0.53207
1.495	0.53401
1.496	0.53595
1.497	0.53788
1.498	0.53982
1.499	0.54177
1.5	0.54371
1.501	0.54565
1.502	0.5476
1.503	0.54954
1.504	0.55149
1.505	0.55345
1.506	0.5554
1.507	0.55737
1.508	0.55935
1.509	0.56132
1.51	0.56328
1.511	0.56526
1.512	0.56726
1.513	0.56931
1.514	0.57142
1.515	0.57363
1.516	0.57549
1.517	0.57756
1.518	0.57932
1.519	0.58125
1.52	0.58306
1.521	0.58486
1.522	0.58675
1.523	0.58857
1.524	0.5905
1.525	0.59295
1.526	0.59509
1.527	0.59737
1.528	0.59936
1.529	0.60135
1.53	0.60334
1.531	0.60533
1.532	0.60733
1.533	0.60934
1.534	0.61136
1.535	0.61338
1.536	0.61541
1.537	0.61744
1.538	0.61947
1.539	0.62151
1.54	0.62354
1.541	0.62558
1.542	0.62763
1.543	0.62967
1.544	0.63172
1.545	0.63377
1.546	0.63583
1.547	0.63789
1.548	0.63995
1.549	0.64202
1.55	0.64409
1.551	0.64616
1.552	0.64824
1.553	0.65031
1.554	0.6524
1.555	0.65447
1.556	0.65654
1.557	0.65862
1.558	0.6607
1.559	0.66278
1.56	0.66485
1.561	0.66692
1.562	0.66899
1.563	0.67107
1.564	0.67315
1.565	0.67524
1.566	0.67733
1.567	0.67942
1.568	0.68152
1.569	0.68361
1.57	0.68571
1.571	0.68781
1.572	0.68991
1.573	0.69203
1.574	0.69414
1.575	0.69625
1.576	0.69837
1.577	0.70049
1.578	0.70261
1.579	0.70473
1.58	0.70686
1.581	0.70898
1.582	0.71111
1.583	0.71324
1.584	0.71537
1.585	0.7175
1.586	0.71963
1.587	0.72176
1.588	0.7239
1.589	0.72603
1.59	0.72817
1.591	0.73031
1.592	0.73245
1.593	0.73459
1.594	0.73673
1.595	0.73887
1.596	0.74101
1.597	0.74315
1.598	0.7453
1.599	0.74745
1.6	0.74959
1.601	0.75174
1.602	0.75389
1.603	0.75604
1.604	0.75819
1.605	0.76034
1.606	0.7625
1.607	0.76465
1.608	0.76681
1.609	0.76896
1.61	0.77112
1.611	0.77328
1.612	0.77544
1.613	0.77759
1.614	0.77975
1.615	0.78191
1.616	0.78407
1.617	0.78624
1.618	0.7884
1.619	0.79057
1.62	0.79274
1.621	0.7949
1.622	0.79707
1.623	0.79924
1.624	0.80141
1.625	0.80358
1.626	0.80575
1.627	0.80792
1.628	0.81009
1.629	0.81227
1.63	0.81444
1.631	0.81662
1.632	0.8188
1.633	0.82098
1.634	0.82316
1.635	0.82534
1.636	0.82752
1.637	0.8297
1.638	0.83188
1.639	0.83406
1.64	0.83624
1.641	0.83842
1.642	0.8406
1.643	0.84278
1.644	0.84497
1.645	0.84715
1.646	0.84934
1.647	0.85152
1.648	0.8537
1.649	0.85587
1.65	0.85804
1.651	0.8602
1.652	0.86237
1.653	0.86454
1.654	0.86671
1.655	0.86888
1.656	0.87105
1.657	0.87323
1.658	0.8754
1.659	0.87757
1.66	0.87975
1.661	0.88192
1.662	0.8841
1.663	0.88627
1.664	0.88845
1.665	0.89063
1.666	0.89281
1.667	0.89498
1.668	0.89716
1.669	0.89934
1.67	0.90152
1.671	0.9037
1.672	0.90589
1.673	0.90807
1.674	0.91025
1.675	0.91243
1.676	0.91462
1.677	0.9168
1.678	0.91898
1.679	0.92117
1.68	0.92336
1.681	0.92554
1.682	0.92773
1.683	0.92992
1.684	0.9321
1.685	0.93429
1.686	0.93648
1.687	0.93867
1.688	0.94086
1.689	0.94305
1.69	0.94523
1.691	0.94742
1.692	0.94961
1.693	0.9518
1.694	0.95399
1.695	0.95618
1.696	0.95838
1.697	0.96057
1.698	0.96276
1.699	0.96495
1.7	0.96715
1.701	0.96934
1.702	0.97153
1.703	0.97373
1.704	0.97592
1.705	0.97811
1.706	0.98031
1.707	0.9825
1.708	0.9847
1.709	0.98689
1.71	0.98909
1.711	0.99128
1.712	0.99348
1.713	0.99567
1.714	0.99787
1.715	1.0001
1.716	1.0023
1.717	1.0045
1.718	1.0067
1.719	1.0088
1.72	1.011
1.721	1.0132
1.722	1.0154
1.723	1.0176
1.724	1.0198
1.725	1.022
1.726	1.0242
1.727	1.0264
1.728	1.0286
1.729	1.0308
1.73	1.033
1.731	1.0352
1.732	1.0374
1.733	1.0396
1.734	1.0418
1.735	1.044
1.736	1.0462
1.737	1.0484
1.738	1.0506
1.739	1.0528
1.74	1.0549
1.741	1.0571
1.742	1.0593
1.743	1.0615
1.744	1.0637
1.745	1.0659
1.746	1.0681
1.747	1.0703
1.748	1.0725
1.749	1.0747
1.75	1.0769
1.751	1.0791
1.752	1.0813
1.753	1.0835
1.754	1.0856
1.755	1.0878
1.756	1.09
1.757	1.0922
1.758	1.0944
1.759	1.0966
1.76	1.0988
1.761	1.101
1.762	1.1031
1.763	1.1053
1.764	1.1075
1.765	1.1097
1.766	1.1119
1.767	1.1141
1.768	1.1163
1.769	1.1184
1.77	1.1206
1.771	1.1228
1.772	1.125
1.773	1.1272
1.774	1.1294
1.775	1.1315
1.776	1.1337
1.777	1.1359
1.778	1.1381
1.779	1.1403
1.78	1.1424
1.781	1.1446
1.782	1.1468
1.783	1.149
1.784	1.1511
1.785	1.1533
1.786	1.1555
1.787	1.1576
1.788	1.1598
1.789	1.162
1.79	1.1642
1.791	1.1663
1.792	1.1685
1.793	1.1707
1.794	1.1728
1.795	1.175
1.796	1.1772
1.797	1.1793
1.798	1.1815
1.799	1.1837
1.8	1.1858
1.801	1.188
1.802	1.1901
1.803	1.1923
1.804	1.1945
1.805	1.1966
1.806	1.1988
1.807	1.2009
1.808	1.2031
1.809	1.2052
1.81	1.2074
1.811	1.2096
1.812	1.2117
1.813	1.2139
1.814	1.216
1.815	1.2182
1.816	1.2203
1.817	1.2224
1.818	1.2246
1.819	1.2267
1.82	1.2289
1.821	1.231
1.822	1.2332
1.823	1.2353
1.824	1.2374
1.825	1.2396
1.826	1.2417
1.827	1.2438
1.828	1.246
1.829	1.2481
1.83	1.2502
1.831	1.2524
1.832	1.2545
1.833	1.2566
1.834	1.2588
1.835	1.2609
1.836	1.263
1.837	1.2651
1.838	1.2673
1.839	1.2694
1.84	1.2715
1.841	1.2736
1.842	1.2757
1.843	1.2779
1.844	1.28
1.845	1.2821
1.846	1.2842
1.847	1.2863
1.848	1.2884
1.849	1.2905
1.85	1.2926
1.851	1.2947
1.852	1.2968
1.853	1.2989
1.854	1.301
1.855	1.3031
1.856	1.3052
1.857	1.3073
1.858	1.3094
1.859	1.3115
1.86	1.3136
1.861	1.3157
1.862	1.3178
1.863	1.3199
1.864	1.322
1.865	1.3241
1.866	1.3261
1.867	1.3282
1.868	1.3303
1.869	1.3324
1.87	1.3345
1.871	1.3365
1.872	1.3386
1.873	1.3407
1.874	1.3428
1.875	1.3448
1.876	1.3469
1.877	1.349
1.878	1.351
1.879	1.3531
1.88	1.3552
1.881	1.3572
1.882	1.3593
1.883	1.3613
1.884	1.3634
1.885	1.3654
1.886	1.3675
1.887	1.3695
1.888	1.3716
1.889	1.3736
1.89	1.3757
1.891	1.3777
1.892	1.3798
1.893	1.3818
1.894	1.3838
1.895	1.3859
1.896	1.3879
1.897	1.3899
1.898	1.392
1.899	1.394
1.9	1.396
1.901	1.398
1.902	1.4
1.903	1.4021
1.904	1.4041
1.905	1.4061
1.906	1.4081
1.907	1.4101
1.908	1.4121
1.909	1.4141
1.91	1.4161
1.911	1.4181
1.912	1.4201
1.913	1.4221
1.914	1.4241
1.915	1.4261
1.916	1.4281
1.917	1.4301
1.918	1.4321
1.919	1.4341
1.92	1.4361
1.921	1.4381
1.922	1.44
1.923	1.442
1.924	1.444
1.925	1.446
1.926	1.4479
1.927	1.4499
1.928	1.4519
1.929	1.4538
1.93	1.4558
1.931	1.4578
1.932	1.4597
1.933	1.4617
1.934	1.4636
1.935	1.4655
1.936	1.4675
1.937	1.4694
1.938	1.4713
1.939	1.4732
1.94	1.4752
1.941	1.4771
1.942	1.4791
1.943	1.481
1.944	1.4829
1.945	1.4849
1.946	1.4868
1.947	1.4887
1.948	1.4906
1.949	1.4924
1.95	1.4943
1.951	1.4962
1.952	1.498
1.953	1.4999
1.954	1.5019
1.955	1.5038
1.956	1.5058
1.957	1.5078
1.958	1.5097
1.959	1.5116
1.96	1.5135
1.961	1.5152
1.962	1.517
1.963	1.5187
1.964	1.5204
1.965	1.5222
1.966	1.524
1.967	1.526
1.968	1.528
1.969	1.5302
1.97	1.5324
1.971	1.5346
1.972	1.5366
1.973	1.5385
1.974	1.5401
1.975	1.5414
1.976	1.5426
1.977	1.5438
1.978	1.545
1.979	1.5464
1.98	1.5483
1.981	1.5505
1.982	1.5533
1.983	1.5565
1.984	1.5601
1.985	1.5636
1.986	1.5659
1.987	1.5673
1.988	1.5678
1.989	1.5673
1.99	1.5662
1.991	1.5652
1.992	1.564
1.993	1.5643
1.994	1.5668
1.995	1.5712
1.996	1.5764
1.997	1.5834
1.998	1.5948
1.999	1.6006
2	1.6038
